-3.075250000000000128e+01 1.081327500000000100e+03 3.632112051002057279e-02
-2.660050000000000026e+01 1.081327500000000100e+03 3.632112051002057279e-02
-2.245090000000000074e+01 1.081327500000000100e+03 3.632112051002057279e-02
-1.830389999999999873e+01 1.081327500000000100e+03 3.632112051002057279e-02
-1.415949999999999953e+01 1.081327500000000100e+03 3.632112051002057279e-02
-1.001759999999999984e+01 1.081327500000000100e+03 3.632112051002057279e-02
-5.878199999999999648e+00 1.081327500000000100e+03 3.632112051002057279e-02
-1.741400000000000059e+00 1.081327500000000100e+03 3.632112051002057279e-02
2.392900000000000027e+00 1.081327500000000100e+03 3.632112051002057279e-02
6.524700000000000166e+00 1.081327500000000100e+03 3.632112051002057279e-02
1.065390000000000015e+01 1.081327500000000100e+03 3.632112051002057279e-02
1.478059999999999974e+01 1.081327500000000100e+03 3.632112051002057279e-02
1.890480000000000160e+01 1.081327500000000100e+03 3.632112051002057279e-02
2.302649999999999864e+01 1.081327500000000100e+03 3.632112051002057279e-02
2.714560000000000173e+01 1.081327500000000100e+03 3.632112051002057279e-02
3.126219999999999999e+01 1.081327500000000100e+03 3.632112051002057279e-02
3.537639999999999674e+01 1.081327500000000100e+03 3.632112051002057279e-02
3.948790000000000333e+01 1.081327500000000100e+03 3.632112051002057279e-02
4.359700000000000131e+01 1.081327500000000100e+03 3.632112051002057279e-02
4.770360000000000156e+01 1.081327500000000100e+03 3.632112051002057279e-02
5.180769999999999698e+01 1.081327500000000100e+03 3.632112051002057279e-02
5.590919999999999845e+01 1.081327500000000100e+03 3.632112051002057279e-02
6.000829999999999842e+01 1.081327500000000100e+03 3.632112051002057279e-02
6.410479999999999734e+01 1.081327500000000100e+03 3.632112051002057279e-02
6.819889999999999475e+01 1.081327500000000100e+03 3.632112051002057279e-02
7.229040000000000532e+01 1.081327500000000100e+03 3.632112051002057279e-02
7.637949999999999307e+01 1.081327500000000100e+03 3.632112051002057279e-02
8.046609999999999729e+01 1.081327500000000100e+03 3.632112051002057279e-02
8.455010000000000048e+01 1.081327500000000100e+03 3.632112051002057279e-02
8.863169999999999504e+01 1.081327500000000100e+03 3.632112051002057279e-02
9.271080000000000609e+01 1.081327500000000100e+03 3.632112051002057279e-02
9.678740000000000521e+01 1.081327500000000100e+03 3.632112051002057279e-02
1.008615999999999957e+02 1.081327500000000100e+03 3.632112051002057279e-02
1.049331999999999994e+02 1.081327500000000100e+03 3.632112051002057279e-02
1.090023999999999944e+02 1.081327500000000100e+03 3.632112051002057279e-02
1.130691000000000059e+02 1.081327500000000100e+03 3.632112051002057279e-02
1.171333000000000055e+02 1.081327500000000100e+03 3.632112051002057279e-02
1.211949999999999932e+02 1.081327500000000100e+03 3.632112051002057279e-02
1.252543000000000006e+02 1.081327500000000100e+03 3.632112051002057279e-02
1.293111000000000104e+02 1.081327500000000100e+03 3.632112051002057279e-02
1.333653999999999940e+02 1.081327500000000100e+03 3.632112051002057279e-02
1.374173000000000116e+02 1.081327500000000100e+03 3.632112051002057279e-02
1.414667000000000030e+02 1.081327500000000100e+03 3.632112051002057279e-02
1.455137000000000000e+02 1.081327500000000100e+03 3.632112051002057279e-02
1.495581999999999994e+02 1.081327500000000100e+03 3.632112051002057279e-02
1.536002000000000010e+02 1.081327500000000100e+03 3.632112051002057279e-02
1.576398000000000081e+02 1.081327500000000100e+03 3.632112051002057279e-02
1.616768999999999892e+02 1.081327500000000100e+03 3.632112051002057279e-02
1.657116000000000042e+02 1.081327500000000100e+03 3.632112051002057279e-02
1.697437999999999931e+02 1.081327500000000100e+03 3.632112051002057279e-02
1.737735999999999876e+02 1.081327500000000100e+03 3.632112051002057279e-02
1.778009000000000128e+02 1.081327500000000100e+03 3.632112051002057279e-02
1.818257999999999868e+02 1.087881000000000085e+03 3.788162791158318499e-02
1.858481999999999914e+02 1.238611499999999978e+03 3.658566239242729001e-02
1.898683000000000050e+02 1.467983999999999924e+03 3.421650104088002492e-02
1.938857999999999890e+02 1.710463500000000067e+03 3.210942218446212471e-02
1.979010000000000105e+02 1.834980000000000018e+03 3.200149104820718821e-02
2.019137000000000057e+02 1.979157000000000153e+03 3.175382515030236719e-02
2.059240000000000066e+02 2.352706500000000233e+03 2.952869974080559942e-02
2.099318000000000097e+02 2.673827999999999975e+03 2.843909420727388365e-02
2.139371999999999900e+02 2.962181999999999789e+03 2.739422749116187522e-02
2.179402000000000044e+02 3.394712999999999738e+03 2.609992978293136298e-02
2.219407999999999959e+02 3.866564999999999600e+03 2.480490155182688006e-02
2.259388999999999896e+02 4.508807999999999993e+03 2.312528496669311387e-02
2.299346999999999923e+02 5.255906999999999243e+03 2.147085560436699445e-02
2.339279999999999973e+02 5.668777499999999236e+03 2.091982914221063999e-02
2.379189000000000078e+02 6.193057499999999891e+03 2.021691867729522377e-02
2.419073999999999955e+02 6.717337499999999636e+03 1.959683101908779937e-02
2.458934999999999889e+02 7.241617500000000291e+03 1.884505966503728300e-02
2.498771000000000129e+02 7.621720500000000357e+03 1.862951624675861229e-02
2.538583999999999889e+02 8.067358500000000276e+03 1.821312349157846663e-02
2.578373000000000275e+02 8.499889500000001135e+03 1.772532470302460791e-02
2.618136999999999830e+02 8.735815500000000611e+03 1.749860303838313494e-02
2.657878000000000043e+02 8.991402000000000044e+03 1.735410342990528418e-02
2.697594000000000278e+02 9.194560500000001412e+03 1.721869873351954822e-02
2.737287000000000035e+02 9.299416499999999360e+03 1.711919980189394175e-02
2.776954999999999814e+02 9.502574999999998909e+03 1.692526931809123017e-02
2.816600000000000250e+02 9.515681999999998880e+03 1.682553822282883971e-02
2.856220999999999890e+02 9.666412500000000364e+03 1.679958488604218689e-02
2.895817999999999870e+02 9.659859000000000378e+03 1.679440861573412019e-02
2.935391000000000190e+02 9.863017499999999927e+03 1.665643304426601273e-02
2.974940000000000282e+02 9.895784999999999854e+03 1.663628006284575966e-02
3.014465000000000146e+02 1.010549699999999939e+04 1.643869253018809262e-02
3.053967000000000098e+02 1.024312049999999908e+04 1.632821942238254012e-02
3.093444000000000074e+02 1.030865549999999894e+04 1.634250274870822570e-02
3.132898000000000138e+02 1.036763700000000063e+04 1.627616584443105155e-02
3.172327999999999975e+02 1.061667000000000007e+04 1.605471109223106235e-02
3.211734999999999900e+02 1.060356300000000010e+04 1.616430083606384613e-02
3.251116999999999848e+02 1.064943750000000000e+04 1.612294221604149147e-02
3.290475999999999885e+02 1.092468449999999939e+04 1.589004303576218441e-02
3.329812000000000012e+02 1.085914949999999953e+04 1.595175217297252479e-02
3.369123000000000161e+02 1.085914949999999953e+04 1.584205652306149709e-02
3.408410999999999831e+02 1.089847049999999945e+04 1.599180406181043360e-02
3.447676000000000158e+02 1.117371750000000065e+04 1.581174505736445898e-02
3.486917000000000257e+02 1.124580600000000049e+04 1.558775338783236278e-02
3.526134000000000128e+02 1.124580600000000049e+04 1.567115555289844836e-02
3.565326999999999771e+02 1.137032249999999840e+04 1.564599446272911532e-02
3.604497000000000071e+02 1.140308999999999833e+04 1.562095417813661596e-02
3.643643999999999892e+02 1.159969499999999971e+04 1.549753148438800208e-02
3.682767000000000053e+02 1.161280199999999968e+04 1.550159854428858827e-02
3.721866999999999734e+02 1.166522999999999956e+04 1.548534948474491850e-02
3.760942999999999756e+02 1.186183499999999913e+04 1.532168995333408994e-02
3.799995000000000118e+02 1.188804900000000089e+04 1.532955327946289130e-02
3.839024000000000001e+02 1.202567250000000058e+04 1.524371647033177790e-02
3.878029999999999973e+02 1.218295650000000023e+04 1.515170124448911651e-02
3.917013000000000034e+02 1.208465400000000045e+04 1.520901465518570764e-02
3.955971999999999866e+02 1.222883099999999831e+04 1.515550199740089803e-02
3.994907000000000039e+02 1.230091949999999997e+04 1.512895662134194734e-02
4.033820000000000050e+02 1.234024049999999988e+04 1.507254017890188522e-02
4.072708999999999833e+02 1.241888249999999971e+04 1.503527797065161604e-02
4.111573999999999955e+02 1.258272000000000116e+04 1.493967484245523579e-02
4.150416999999999916e+02 1.262204099999999926e+04 1.493239607230700469e-02
4.189236000000000217e+02 1.264825500000000102e+04 1.493239607230700469e-02
4.228032000000000039e+02 1.270068300000000090e+04 1.490700390708576267e-02
4.266804000000000201e+02 1.283830649999999878e+04 1.483159764677544762e-02
4.305554000000000201e+02 1.296282300000000032e+04 1.474330303166236991e-02
4.344279999999999973e+02 1.302835800000000017e+04 1.469107721032282023e-02
4.382982999999999834e+02 1.297593000000000029e+04 1.471538008419021222e-02
4.421662999999999784e+02 1.309389300000000003e+04 1.468069848969829130e-02
4.460319999999999823e+02 1.321840949999999975e+04 1.461206464727053504e-02
4.498953999999999951e+02 1.321185599999999977e+04 1.461206464727053504e-02
4.537563999999999851e+02 1.332326550000000134e+04 1.456458972366760259e-02
4.576152000000000157e+02 1.331015849999999955e+04 1.456458972366760259e-02
4.614716000000000236e+02 1.344778199999999924e+04 1.450422505794984711e-02
4.653258000000000152e+02 1.357885199999999895e+04 1.444131407174768442e-02
4.691775999999999840e+02 1.357885199999999895e+04 1.445779019127817547e-02
4.730271000000000186e+02 1.367715450000000055e+04 1.440200007665345255e-02
4.768743999999999801e+02 1.367715450000000055e+04 1.436624288326999489e-02
4.807192999999999756e+02 1.368370800000000054e+04 1.427323575675499938e-02
4.845620000000000118e+02 1.389997350000000006e+04 1.429871232456405086e-02
4.884023000000000252e+02 1.393929449999999997e+04 1.428277350306276366e-02
4.922404000000000224e+02 1.411623900000000140e+04 1.418512852127986647e-02
4.960761999999999716e+02 1.421454150000000118e+04 1.411396263315643079e-02
4.999096999999999866e+02 1.422764849999999933e+04 1.410782479306049719e-02
5.037409000000000106e+02 1.429973700000000099e+04 1.408945920732731713e-02
5.075697999999999865e+02 1.441770000000000073e+04 1.404083280099267458e-02
5.113964000000000283e+02 1.453566300000000047e+04 1.399869515844533001e-02
5.152208000000000538e+02 1.460119800000000032e+04 1.396585184845371662e-02
5.190429000000000315e+02 1.456187700000000041e+04 1.397478618256836440e-02
5.228627000000000180e+02 1.459464450000000033e+04 1.396882805559425920e-02
5.266802000000000135e+02 1.473226800000000003e+04 1.391260333148154095e-02
5.304954999999999927e+02 1.483712399999999980e+04 1.385124323616107080e-02
5.343084999999999809e+02 1.495508699999999953e+04 1.379068791173565338e-02
5.381191999999999780e+02 1.509271050000000105e+04 1.374224439091767044e-02
5.419275999999999840e+02 1.534829699999999866e+04 1.363854900851466968e-02
5.457337999999999738e+02 1.530897600000000057e+04 1.364964628375061641e-02
5.495376999999999725e+02 1.536795749999999862e+04 1.363024379166299059e-02
5.533393999999999551e+02 1.542038550000000032e+04 1.361367877384531133e-02
5.571387999999999465e+02 1.550558100000000013e+04 1.357252902094904616e-02
5.609358999999999469e+02 1.558422299999999996e+04 1.353716612344252855e-02
5.647308000000000447e+02 1.542693900000000031e+04 1.359717400466446333e-02
5.685234000000000378e+02 1.563665099999999984e+04 1.349670424318954835e-02
5.723138000000000147e+02 1.587913049999999930e+04 1.341421991588063849e-02
5.761019000000000005e+02 1.580704199999999946e+04 1.344596959323091437e-02
5.798877999999999702e+02 1.586602350000000115e+04 1.342477813862179292e-02
5.836713999999999487e+02 1.601675400000000081e+04 1.335919504906723371e-02
5.874528000000000247e+02 1.591845150000000103e+04 1.339580281600974421e-02
5.912318999999999960e+02 1.606262850000000071e+04 1.334879068997406500e-02
5.950087999999999511e+02 1.602986100000000079e+04 1.336701430349679365e-02
5.987835000000000036e+02 1.616093100000000049e+04 1.329713108948132362e-02
6.025558999999999514e+02 1.632476849999999831e+04 1.324099249990614950e-02
6.063260999999999967e+02 1.629855450000000019e+04 1.324099249990614950e-02
6.100940000000000509e+02 1.636408950000000004e+04 1.322075405857748957e-02
6.138596999999999753e+02 1.661967599999999948e+04 1.312834376369485974e-02
6.176231999999999971e+02 1.667210399999999936e+04 1.309633237423307554e-02
6.213845000000000027e+02 1.679006699999999910e+04 1.305482250000594355e-02
6.251435000000000173e+02 1.675729949999999735e+04 1.307674906253127739e-02
6.289003000000000156e+02 1.667210399999999936e+04 1.310124196479888099e-02
6.326548000000000229e+02 1.680972750000000087e+04 1.304996489146568149e-02
6.364071999999999889e+02 1.679006699999999910e+04 1.306455401272520016e-02
6.401572999999999638e+02 1.702599299999999857e+04 1.297058919583304187e-02
6.439052000000000362e+02 1.696701150000000052e+04 1.299209336510878839e-02
6.476508999999999787e+02 1.717672350000000006e+04 1.292553994270818733e-02
6.513944000000000187e+02 1.717017000000000189e+04 1.291611555943350011e-02
6.551355999999999540e+02 1.728813299999999799e+04 1.287629067738206567e-02
6.588746999999999616e+02 1.737988199999999779e+04 1.283683192006586371e-02
6.626114999999999782e+02 1.755682650000000285e+04 1.277717875903210815e-02
6.663461999999999534e+02 1.768789649999999892e+04 1.272959977404614432e-02
6.700786000000000513e+02 1.766823600000000079e+04 1.273862146176544738e-02
6.738088000000000193e+02 1.781241300000000047e+04 1.270041113045660384e-02
6.775367999999999711e+02 1.789105500000000029e+04 1.265146909434107514e-02
6.812626000000000204e+02 1.787139449999999852e+04 1.267142235686611988e-02
6.849862000000000535e+02 1.786484100000000035e+04 1.266920066449226875e-02
6.887075999999999567e+02 1.806799950000000172e+04 1.260308853818030775e-02
6.924269000000000460e+02 1.796314350000000195e+04 1.262501078215834405e-02
6.961439000000000306e+02 1.810732049999999799e+04 1.258563272850354159e-02
6.998586999999999989e+02 1.804833899999999994e+04 1.260965321708966240e-02
7.035712999999999511e+02 1.812042750000000160e+04 1.255309764763589374e-02
7.072817999999999756e+02 1.829737199999999939e+04 1.252295811399756903e-02
7.109900999999999840e+02 1.836946050000000105e+04 1.249729628761657788e-02
7.146961000000000013e+02 1.846120950000000084e+04 1.246967322370597271e-02
7.183999999999999773e+02 1.828426500000000306e+04 1.251224648932427325e-02
7.221017000000000507e+02 1.836290699999999924e+04 1.249942875009906092e-02
7.258011999999999944e+02 1.841533500000000276e+04 1.247603151759601667e-02
7.294986000000000104e+02 1.857917249999999694e+04 1.242753159177391320e-02
7.331938000000000102e+02 1.868402850000000035e+04 1.238166569213336454e-02
7.368867999999999938e+02 1.869713550000000032e+04 1.238581434887305044e-02
7.405775999999999613e+02 1.875611700000000201e+04 1.236511265573193678e-02
7.442662000000000262e+02 1.871024249999999665e+04 1.237545051612452297e-02
7.479527000000000498e+02 1.881509850000000006e+04 1.234246025279446546e-02
7.516369999999999436e+02 1.883475899999999820e+04 1.233835499399046562e-02
7.553191000000000486e+02 1.882165200000000186e+04 1.234656961207356712e-02
7.589990999999999985e+02 1.890029399999999805e+04 1.231788996913208735e-02
7.626769000000000460e+02 1.894616849999999977e+04 1.229549563779999515e-02
7.663526000000000522e+02 1.891340100000000166e+04 1.230769557032446344e-02
7.700261000000000422e+02 1.907723850000000311e+04 1.225107097226629457e-02
7.736974000000000160e+02 1.907068499999999767e+04 1.226515382391577154e-02
7.773665999999999485e+02 1.927384349999999904e+04 1.220315264923953029e-02
7.810335999999999785e+02 1.929350400000000081e+04 1.219126066722116958e-02
7.846984999999999673e+02 1.937214599999999700e+04 1.214795232193555986e-02
7.883612000000000535e+02 1.958185800000000017e+04 1.210316529707355579e-02
7.920217000000000098e+02 1.941802049999999872e+04 1.214991087935609476e-02
7.956801000000000386e+02 1.969982099999999991e+04 1.207037839753736380e-02
7.993364000000000260e+02 -2.767787929347832687e+00 1.207614496131765441e-02
8.029904999999999973e+02 5.367245425975852413e+01 1.201695249584302030e-02
8.066425000000000409e+02 -1.588964338505320484e+00 1.206845804458629885e-02
8.102922999999999547e+02 -6.369711567110061878e+01 1.207422185517259550e-02
8.139400000000000546e+02 -1.392064129474383662e+02 1.209156296307870547e-02
8.175855999999999995e+02 1.126660111023629725e+02 1.200370650056134525e-02
8.212290000000000418e+02 1.217665232511135400e+02 1.200181778896117907e-02
8.248703000000000429e+02 -2.015501116472660215e+01 1.204166898148437484e-02
8.285094000000000278e+02 4.734476494674891001e+01 1.202454135198042541e-02
8.321464999999999463e+02 1.145547008626963361e+02 1.198862172363050933e-02
8.357812999999999874e+02 2.666711371936944488e+02 1.194370634228253923e-02
8.394140999999999622e+02 2.218944030948405270e+02 1.195675448419874533e-02
8.430447000000000344e+02 1.899373049862188054e+02 1.196422979251523210e-02
8.466731999999999516e+02 2.428891270984313451e+02 1.193441235103593137e-02
8.502996000000000549e+02 3.021086307362456864e+02 1.191773770016024865e-02
8.539239000000000033e+02 2.955080529154729447e+02 1.191773770016024865e-02
8.575460000000000491e+02 4.131396024071109423e+02 1.186630456009438693e-02
8.611660000000000537e+02 2.224729597420191567e+02 1.191773770016024865e-02
8.647839999999999918e+02 2.674492778994790569e+02 1.190113274754891343e-02
8.683997000000000526e+02 3.449106810579505691e+02 1.188276395631439331e-02
8.720134000000000469e+02 3.696622620635280327e+02 1.186813000500328528e-02
8.756250000000000000e+02 3.351510805819125380e+02 1.181553163044049386e-02
8.792344000000000506e+02 2.741451652107461996e+02 1.188459700899885049e-02
8.828418000000000347e+02 2.063055149646534119e+02 1.189561316802305313e-02
8.864470000000000027e+02 2.233816007883906423e+02 1.187726988314269719e-02
8.900502000000000180e+02 3.450343670980109891e+02 1.184991337108057957e-02
8.936512000000000171e+02 2.698032313839321432e+02 1.186265619580828025e-02
8.972500999999999749e+02 1.549725851526745828e+02 1.188276395631439331e-02
9.008469000000000051e+02 2.495757929304236313e+02 1.185901119458663243e-02
9.044416999999999689e+02 2.324916919498027710e+02 1.185536955126582914e-02
9.080343000000000302e+02 3.462000938304954616e+02 1.181373034502253630e-02
9.116248000000000502e+02 3.351147849769840832e+02 1.181192988317484455e-02
9.152133000000000038e+02 3.958410171737014025e+02 1.179397042336795959e-02
9.187996000000000549e+02 4.235230086935916916e+02 1.177609263467085596e-02
9.223839000000000397e+02 6.475334382254914090e+02 1.170363455979823476e-02
9.259660000000000082e+02 4.583969427612828440e+02 1.170363455979823476e-02
9.295461000000000240e+02 5.901056194428019808e+02 1.171064482371511790e-02
9.331240999999999985e+02 3.152210195721818309e+02 1.178144743265945558e-02
9.367000000000000455e+02 4.267166465819318546e+02 1.173704595023575097e-02
9.402739000000000260e+02 5.051684546880060225e+02 1.171591079632198704e-02
9.438455999999999904e+02 4.129528449490680941e+02 1.172646408847490516e-02
9.474153000000000020e+02 4.974051672515925020e+02 1.170013414561502096e-02
9.509828999999999724e+02 5.357062223225620983e+02 1.168616383120505038e-02
9.545484000000000151e+02 4.164462637698234175e+02 1.170889107682041713e-02
9.581118000000000166e+02 4.541930001501496008e+02 1.169488940834187939e-02
9.616731999999999516e+02 3.671455957542639226e+02 1.170713811759555890e-02
9.652324999999999591e+02 5.681741694536030991e+02 1.164455124625108501e-02
9.687897000000000389e+02 5.657657948854866845e+02 1.163765893949380431e-02
9.723449000000000524e+02 4.647759934572604834e+02 1.165318387494527867e-02
9.758979000000000497e+02 7.108422326210784377e+02 1.158465529558263228e-02
9.794489999999999554e+02 7.272559261426576995e+02 1.156940228660352336e-02
9.829978999999999587e+02 5.402304317765192536e+02 1.161534317794511544e-02
9.865448000000000093e+02 6.216170542120926257e+02 1.158465529558263228e-02
9.900896999999999935e+02 5.782050480478756072e+02 1.159315530061175159e-02
9.936323999999999614e+02 4.099936207936880237e+02 1.160850257477350107e-02
9.971731999999999516e+02 4.643174359011718479e+02 1.160679431156437340e-02
1.000711800000000039e+03 4.659286158226132102e+02 1.159826429328014545e-02
1.004248399999999947e+03 3.755052418213526835e+02 1.158975305393522733e-02
1.007783000000000015e+03 3.765443570874158468e+02 1.160167404325628676e-02
1.011315500000000043e+03 2.855469692263359320e+02 1.161876801752357961e-02
1.014846000000000004e+03 2.204750514659463079e+02 1.162048157376289678e-02
1.018374400000000037e+03 1.420065445472646388e+02 1.163421737238040134e-02
1.021900800000000004e+03 8.290785995494661620e+01 1.164627623718659209e-02
1.025425099999999929e+03 1.152663831767022202e+02 1.161876801752357961e-02
1.028947400000000016e+03 5.558297568103807862e+01 1.163593777421936294e-02
1.032467599999999948e+03 1.266754782349125890e+02 1.160850257477350107e-02
1.035985799999999927e+03 -4.500678574929406750e+01 1.164627623718659209e-02
1.039501999999999953e+03 2.220989925071880862e+02 1.156433132327133739e-02
1.043016100000000051e+03 2.595346079339942662e+02 1.154411394535651871e-02
1.046528199999999970e+03 3.228853371829609387e+02 1.151732165174765288e-02
1.050038199999999961e+03 7.792144143804034684e+01 1.157278663720585563e-02
1.053546199999999999e+03 1.275636679444542096e+02 1.155084128505649496e-02
1.057052200000000084e+03 7.204725353387038922e+01 1.155252495845441284e-02
1.060556199999999990e+03 -3.433572475623805076e+00 1.156264248334655693e-02
1.064058099999999968e+03 -3.334508534926135326e+01 1.156771122435863546e-02
1.067557999999999993e+03 2.818593605896967347e+01 1.153404493869109211e-02
1.071055900000000065e+03 -1.137492890132125467e+02 1.157109409070507418e-02
1.074551799999999957e+03 -1.707980421806423692e+02 1.156264248334655693e-02
1.078045599999999922e+03 3.398378338144175359e+01 1.151398571492119778e-02
1.081537499999999909e+03 -2.368154606008465635e+01 1.150732252818554777e-02
1.085027299999999968e+03 -1.406327310504093475e+02 1.153404493869109211e-02
1.088515100000000075e+03 -2.296606348241766682e+00 1.148078499495825376e-02
1.092000800000000027e+03 4.400072207778066513e+01 1.146593807949269558e-02
1.095484600000000000e+03 9.001787769001384731e+01 1.144295693497039863e-02
1.098966300000000047e+03 1.816389795507275267e+02 1.141848697268342712e-02
1.102446099999999888e+03 2.861061377204023302e+02 1.137965947468552036e-02
1.105923800000000028e+03 2.526984440956221079e+02 1.137644170013379051e-02
1.109399499999999989e+03 1.731744652390880219e+02 1.138449126011647355e-02
1.112873199999999997e+03 1.589532437543566630e+02 1.137483383613026484e-02
1.116345000000000027e+03 2.428118016507614811e+02 1.134281904188733266e-02
1.119814699999999903e+03 2.936896437316063384e+02 1.132215380889495943e-02
1.123282400000000052e+03 2.591682505190037773e+02 1.132850030816514447e-02
1.126748100000000022e+03 1.654710777535583475e+02 1.132215380889495943e-02
1.130211800000000039e+03 1.961055572250697878e+02 1.132056885000024687e-02
1.133673500000000104e+03 2.003505995888372127e+02 1.130791309551273244e-02
1.137133199999999988e+03 7.335959785565137281e+01 1.132850030816514447e-02
1.140590999999999894e+03 1.624774295886745676e+02 1.129844908512645657e-02
1.144046700000000101e+03 2.907689564955471724e+02 1.125459577653585737e-02
1.147500399999999900e+03 1.961035240361561591e+02 1.126238927915012775e-02
1.150952199999999948e+03 2.651469538362871390e+02 1.123905718597454848e-02
1.154402000000000044e+03 3.799455426685635757e+02 1.119895612675626644e-02
1.157849699999999984e+03 6.191505607908802631e+02 1.113960131745129860e-02
1.161295499999999947e+03 3.405282404665922513e+02 1.119282475146679730e-02
1.164739399999999932e+03 3.370612756365626410e+02 1.118059215245528412e-02
1.168181199999999990e+03 5.825448222567392804e+02 1.111702254688800955e-02
1.171621000000000095e+03 4.871729907806438860e+02 1.112152731747076580e-02
1.175058899999999994e+03 4.376113425822150020e+02 1.112904745310419607e-02
1.178494799999999941e+03 5.714923909734388872e+02 1.109308920901498456e-02
1.181928699999999935e+03 5.087221048497849551e+02 1.109458051630262711e-02
1.185360699999999952e+03 1.968814077538008860e+02 1.115473048552254390e-02
1.188790700000000015e+03 3.568641789092944236e+02 1.110802940327222307e-02
1.192218699999999899e+03 3.988642509825876914e+02 1.104273985912924971e-02
1.195644700000000057e+03 4.408534124340148992e+02 1.106486814234403440e-02
1.199068800000000010e+03 4.041984118374894024e+02 1.106486814234403440e-02
1.202490900000000011e+03 3.020149589243810624e+02 1.108266686935893176e-02
1.205911000000000058e+03 3.964517236615320144e+02 1.104862775070150280e-02
1.209329199999999901e+03 3.401818399161529669e+02 1.105304985524146327e-02
1.212745400000000018e+03 4.871029032209735306e+02 1.100469665127029074e-02
1.216159699999999930e+03 5.292089737798451097e+02 1.098292670581335270e-02
1.219571999999999889e+03 6.631135630863100232e+02 1.094836194123844156e-02
1.222982299999999896e+03 6.266851297130124294e+02 1.094406425238149232e-02
1.226390699999999924e+03 8.786770659212343162e+02 1.087738775907762592e-02
1.229797100000000000e+03 9.210317013037238212e+02 1.086756111781079885e-02
1.233201600000000099e+03 9.241482775855074578e+02 1.085776106070327797e-02
1.236604100000000017e+03 8.224999456991354236e+02 1.086615948484981331e-02
1.240004699999999957e+03 9.961977687497746956e+02 1.082297606369691384e-02
1.243403299999999945e+03 7.571322256265266333e+02 1.086615948484981331e-02
1.246799899999999980e+03 7.868752113271184498e+02 1.084798746810663669e-02
1.250194700000000012e+03 8.364015379272204882e+02 1.082713261869763105e-02
1.253587500000000091e+03 9.122724296400483581e+02 1.080226485750644498e-02
1.256978299999999990e+03 8.047835237619183317e+02 1.081605909739717132e-02
1.260367199999999912e+03 9.792408729153939930e+02 1.077073733747730550e-02
1.263754200000000083e+03 8.720509426911812625e+02 1.078304128716873339e-02
1.267139200000000073e+03 9.026451073093885498e+02 1.076937283030295761e-02
1.270522300000000087e+03 1.005495647231517069e+03 1.073948426475115556e-02
1.273903399999999920e+03 1.226484252654536249e+03 1.068044617285516737e-02
1.277282600000000002e+03 1.152747513225862349e+03 1.068977349335402567e-02
1.280659900000000107e+03 1.216823399221222644e+03 1.066716368273572940e-02
1.284035300000000007e+03 1.235220762364824623e+03 1.065525171510858966e-02
1.287408699999999953e+03 1.502853832698543556e+03 1.059368664996652477e-02
1.290780199999999923e+03 1.305397716742168996e+03 1.062106224715694131e-02
1.294149799999999914e+03 1.337529886458509282e+03 1.060018544614243358e-02
1.297517399999999952e+03 1.297795676061730774e+03 1.061191348083355065e-02
1.300883100000000013e+03 1.415573786012995697e+03 1.057426174520032479e-02
1.304246900000000096e+03 1.251785783717146842e+03 1.060669621725329227e-02
1.307608799999999974e+03 1.540429604851888143e+03 1.054084354987470246e-02
1.310968800000000101e+03 1.265718554673523613e+03 1.058072483592367372e-02
1.314326800000000048e+03 1.161650311264755146e+03 1.059368664996652477e-02
1.317682900000000018e+03 1.221676926136413385e+03 1.057813817781487822e-02
1.321037100000000009e+03 1.118128824804050964e+03 1.058331339249718624e-02
1.324389400000000023e+03 1.349077310615513852e+03 1.053445322279455976e-02
1.327739800000000059e+03 1.200196059377347410e+03 1.056265796730933119e-02
1.331088299999999890e+03 1.471017111988363467e+03 1.050014516026015823e-02
1.334434799999999996e+03 1.453767378186807036e+03 1.049635380965443024e-02
1.337779500000000098e+03 1.548215120609205769e+03 1.047118266116903867e-02
1.341122200000000021e+03 1.544652956515332335e+03 1.046241544730868410e-02
1.344463099999999940e+03 1.574155354241604073e+03 1.044992897019320251e-02
1.347801999999999907e+03 1.453228630935893307e+03 1.046867549420836194e-02
1.351139100000000099e+03 1.620961456160774105e+03 1.041767219690215886e-02
1.354474200000000110e+03 1.585845354155957466e+03 1.043004326431387803e-02
1.357807399999999916e+03 1.570703205414800323e+03 1.042014288878959603e-02
1.361138799999999947e+03 1.392040750195897999e+03 1.044868277986378373e-02
1.364468200000000024e+03 1.298894592003369326e+03 1.045866480533574720e-02
1.367795800000000099e+03 1.383017199069352500e+03 1.043376318713237598e-02
1.371121399999999994e+03 1.139792403838353493e+03 1.047620240386444752e-02
1.374445200000000114e+03 1.198359405695955502e+03 1.046116478500700754e-02
1.377767000000000053e+03 1.132743769077304023e+03 1.046617012729580444e-02
1.381086999999999989e+03 1.152660420231779426e+03 1.045491819414429667e-02
1.384405099999999948e+03 1.330200650507838873e+03 1.041150314786416786e-02
1.387721299999999928e+03 1.331138617638083815e+03 1.041150314786416786e-02
1.391035599999999931e+03 1.371742346335035108e+03 1.039306155019981484e-02
1.394348099999999931e+03 1.314390728197355202e+03 1.040165542454651870e-02
1.397658599999999979e+03 1.408119020270845795e+03 1.037959982220057996e-02
1.400967300000000023e+03 1.390789345540830254e+03 1.037349812287708707e-02
1.404274100000000089e+03 1.550757686180731980e+03 1.033711253857328392e-02
1.407578999999999951e+03 1.376852885285032244e+03 1.036254212813967485e-02
1.410882000000000062e+03 1.530980149877595977e+03 1.032506882885799414e-02
1.414183199999999943e+03 1.318470049296993238e+03 1.036497379357925741e-02
1.417482500000000073e+03 1.584725518133578589e+03 1.030827813780796354e-02
1.420779899999999998e+03 1.615416359130693309e+03 1.029275990588472342e-02
1.424075499999999920e+03 1.574381246049873880e+03 1.029991345237961028e-02
1.427369099999999889e+03 1.428853726499906770e+03 1.032266513453398982e-02
1.430660900000000083e+03 1.349225724074309255e+03 1.033590627069607207e-02
1.433950900000000047e+03 1.289623537831012072e+03 1.034073387781156601e-02
1.437239000000000033e+03 1.033782339114204660e+03 1.037593751106433322e-02
1.440525200000000041e+03 1.138750173582469870e+03 1.034677791005232834e-02
1.443809500000000071e+03 1.034372962544934126e+03 1.036862450356985758e-02
1.447092000000000098e+03 1.041772505571530928e+03 1.036132693703281302e-02
1.450372599999999920e+03 9.184694811004119401e+02 1.037959982220057996e-02
1.453651399999999967e+03 1.005245948974785279e+03 1.036254212813967485e-02
1.456928300000000036e+03 1.079282852942917089e+03 1.033831922888715608e-02
1.460203400000000101e+03 1.088152023121514503e+03 1.034073387781156601e-02
1.463476599999999962e+03 1.025299678422212310e+03 1.034315021944469046e-02
1.466747900000000072e+03 1.087330428941444552e+03 1.033108541862846029e-02
1.470017399999999952e+03 9.989967796242744953e+02 1.033831922888715608e-02
1.473285000000000082e+03 1.055205633236215363e+03 1.032988125924228125e-02
1.476550799999999981e+03 1.170760792643093737e+03 1.030349582340638580e-02
1.479814800000000105e+03 1.280126462399002776e+03 1.027731154772634249e-02
1.483076900000000023e+03 1.258785249642456620e+03 1.027612609163522719e-02
1.486337099999999964e+03 1.152610666266802582e+03 1.029156909661297671e-02
1.489595499999999902e+03 1.171313628432955738e+03 1.028680998926179840e-02
1.492852100000000064e+03 8.561479586672976438e+02 1.033470042500910131e-02
1.496106800000000021e+03 8.296948859574513335e+02 1.034315021944469046e-02
1.499359699999999975e+03 7.642780471227160888e+02 1.035162077383730388e-02
1.502610799999999927e+03 8.368404888040458900e+02 1.032867752081726223e-02
1.505859999999999900e+03 8.442221687629353255e+02 1.032506882885799414e-02
1.509107400000000098e+03 8.454029571447244962e+02 1.031666323558218593e-02
1.512352900000000091e+03 6.110086377064653789e+02 1.036132693703281302e-02
1.515596600000000080e+03 7.898338972132842173e+02 1.032506882885799414e-02
1.518838500000000067e+03 6.872058226637745975e+02 1.034073387781156601e-02
1.522078600000000051e+03 9.715794030679899151e+02 1.028443291008753792e-02
1.525316800000000057e+03 7.516765311906892748e+02 1.032026311818162387e-02
1.528553200000000061e+03 9.646455026386793179e+02 1.027968369121961233e-02
1.531787700000000086e+03 9.944550175352705992e+02 1.027257218314518369e-02
1.535020500000000084e+03 1.090135679539202101e+03 1.024427303245692769e-02
1.538251400000000103e+03 1.146828992863727763e+03 1.023723471281296100e-02
1.541480499999999893e+03 1.072783363849452144e+03 1.024897331856450960e-02
1.544707799999999907e+03 1.261206102503885631e+03 1.020457997343516415e-02
1.547933199999999943e+03 1.148493424007829162e+03 1.022904164650424719e-02
1.551156899999999951e+03 1.193387450188987714e+03 1.021387799811896389e-02
1.554378699999999981e+03 1.022335709652248624e+03 1.024309897102020604e-02
1.557598700000000008e+03 9.236891391884528275e+02 1.025839333279437819e-02
1.560816900000000032e+03 1.048175085151178791e+03 1.023840675869381982e-02
1.564033300000000054e+03 8.911708048018226691e+02 1.025368008038256978e-02
1.567247800000000097e+03 8.393294650019706751e+02 1.027138836612216492e-02
1.570460600000000113e+03 8.074521428407606436e+02 1.027257218314518369e-02
1.573671599999999899e+03 7.955353203334234422e+02 1.026902195937122973e-02
1.576880699999999933e+03 7.970218849876182503e+02 1.027020495827606766e-02
1.580087999999999965e+03 8.053546309951234434e+02 1.026429404845793057e-02
1.583293599999999969e+03 5.387292603938512912e+02 1.031426540562868643e-02
1.586497299999999996e+03 7.376873842006680206e+02 1.027612609163522719e-02
1.589699200000000019e+03 7.337680235152474779e+02 1.027375640958097698e-02
1.592899400000000014e+03 8.677491105954795785e+02 1.024779764052008435e-02
1.596097700000000032e+03 9.299144899047132640e+02 1.022904164650424719e-02
1.599294200000000046e+03 1.051329919131385395e+03 1.020806375617338939e-02
1.602488900000000058e+03 8.453345701812941115e+02 1.024544749769809755e-02
1.605681900000000041e+03 1.059023030143100186e+03 1.020690209884317877e-02
1.608873000000000047e+03 1.115682802227351203e+03 1.019299307294189647e-02
1.612062400000000025e+03 1.166039806679546018e+03 1.017798894207159154e-02
1.615249900000000025e+03 8.103258816676461720e+02 1.024192531315659682e-02
1.618435699999999997e+03 8.480632841445185477e+02 1.023723471281296100e-02
1.621619699999999966e+03 8.073951906857801077e+02 1.024075205863494466e-02
1.624801899999999932e+03 6.621026983035335434e+02 1.026547541395052970e-02
1.627982299999999896e+03 7.857303252363817592e+02 1.024192531315659682e-02
1.631160900000000083e+03 4.967090117163679679e+02 1.029633481536648514e-02
1.634337700000000041e+03 4.176161325094690255e+02 1.030947475724873670e-02
1.637512799999999970e+03 2.338785127107803419e+02 1.033711253857328392e-02
1.640686099999999897e+03 1.158819356537351268e+02 1.036254212813967485e-02
1.643857600000000048e+03 2.602261553857570107e+02 1.033108541862846029e-02
1.647027299999999968e+03 1.753933973269595299e+02 1.034194183691595180e-02
1.650195200000000114e+03 9.075085890878108330e+01 1.036011217333357610e-02
1.653361400000000003e+03 5.872121019309633994e+01 1.036132693703281302e-02
1.656525799999999890e+03 1.448340944722040149e+02 1.030708193494489153e-02
1.659688400000000001e+03 -3.757237114954477875e+01 1.037959982220057996e-02
1.662849200000000110e+03 2.922290480783703970e+01 1.036984226439425366e-02
1.666008299999999963e+03 2.403584900568457670e+02 1.032506882885799414e-02
1.669165600000000040e+03 1.436374290718231350e+02 1.034435902564521254e-02
1.672321200000000090e+03 4.337252442573153530e+02 1.028799914711667554e-02
1.675474899999999934e+03 2.979824403773527592e+02 1.030588614841787543e-02
1.678626899999999978e+03 4.769490083141645300e+02 1.027849741417553517e-02
1.681777199999999993e+03 2.497344255354873894e+02 1.031546411158957427e-02
1.684925600000000031e+03 3.830926565477129770e+02 1.028799914711667554e-02
1.688072400000000016e+03 3.068636533354183484e+02 1.030349582340638580e-02
1.691217300000000023e+03 1.914328557879161963e+02 1.032627130587003214e-02
1.694360500000000002e+03 2.530601921132983989e+02 1.030827813780796354e-02
1.697501999999999953e+03 9.197657924056693446e+01 1.034435902564521254e-02
1.700641599999999926e+03 1.013864232103987888e+02 1.034073387781156601e-02
1.703779600000000073e+03 -5.163804448893642984e-01 1.036011217333357610e-02
1.706915700000000015e+03 -8.922094502095205826e+01 1.035647044417776531e-02
1.710050199999999904e+03 1.876511230610049097e+01 1.035404475719188186e-02
1.713182800000000043e+03 -8.288082916942221345e+01 1.037227907379562400e-02
1.716313699999999926e+03 -2.237733933404342679e+02 1.039796972593985680e-02
1.719442900000000009e+03 -4.154706952733249636e+00 1.035404475719188186e-02
1.722570300000000088e+03 -1.580223992780556728e+02 1.038448894155893747e-02
1.725695999999999913e+03 -2.266371017940946331e+02 1.039551476905853020e-02
1.728819899999999961e+03 -2.650644787076089415e+01 1.035647044417776531e-02
1.731942099999999982e+03 -2.948807246224168921e+01 1.035525738760620547e-02
1.735062599999999975e+03 6.891888195819774410e+00 1.035040942039873631e-02
1.738181299999999965e+03 1.153952968844605493e+02 1.032988125924228125e-02
1.741298199999999952e+03 1.059650156955249258e+02 1.032747420310818273e-02
1.744413500000000113e+03 2.669494063222737168e+02 1.029872015880526660e-02
1.747526900000000069e+03 6.750933034705667524e+01 1.033349500126615368e-02
1.750638699999999972e+03 1.236683235871823854e+02 1.028680998926179840e-02
1.753748700000000099e+03 2.191558793190088181e+02 1.030588614841787543e-02
1.756856999999999971e+03 2.818792302464098611e+02 1.029633481536648514e-02
1.759963500000000067e+03 1.807651297136580979e+02 1.030827813780796354e-02
1.763068400000000111e+03 9.275613258920202497e+01 1.032867752081726223e-02
1.766171499999999924e+03 -2.146912385546966107e+01 1.034919849212078378e-02
1.769272799999999961e+03 -4.394679357210770831e+01 1.035162077383730388e-02
1.772372399999999971e+03 1.039659644255843887e+02 1.032506882885799414e-02
1.775470299999999952e+03 -1.740985149670887040e+02 1.037471760188240187e-02
1.778566499999999905e+03 -2.162359026639787771e+02 1.037593751106433322e-02
1.781661000000000058e+03 -2.387108751063424279e+02 1.038571230127827497e-02
1.784753699999999981e+03 -1.825411139811985777e+02 1.037715785067585411e-02
1.787844700000000103e+03 -1.787958085613026924e+02 1.037227907379562400e-02
1.790933999999999969e+03 -1.095111554239447287e+02 1.035768392715623321e-02
1.794021600000000035e+03 -4.022135817015441717e+01 1.034556825576514634e-02
1.797107500000000073e+03 3.562787285567537765e+01 1.032627130587003214e-02
1.800191600000000108e+03 2.097863208456838038e+02 1.029395112860798447e-02
1.803273999999999887e+03 1.807937608417705633e+02 1.029275990588472342e-02
1.806354700000000093e+03 2.566654495285911253e+02 1.027494104566557993e-02
1.809433700000000044e+03 3.849741228899983980e+02 1.025368008038256978e-02
1.812510999999999967e+03 2.249384964861055778e+02 1.028324498829205624e-02
1.815586600000000089e+03 3.991417657294150558e+02 1.025957266180129758e-02
1.818660499999999956e+03 4.422861061599833192e+02 1.024662236697524570e-02
1.821732600000000048e+03 3.150511737194901798e+02 1.027138836612216492e-02
1.824803100000000086e+03 2.599171050243166974e+02 1.027494104566557993e-02
1.827871799999999894e+03 2.244565176373544091e+02 1.028918871746777736e-02
1.830938900000000103e+03 2.610980103386282281e+02 1.028205747804058871e-02
1.834004200000000083e+03 2.191116633946003276e+02 1.028324498829205624e-02
1.837067900000000009e+03 1.181585362047480885e+02 1.029872015880526660e-02
1.840129799999999932e+03 3.688116625734619447e+01 1.032266513453398982e-02
1.843190100000000029e+03 9.979656939453707309e+01 1.030708193494489153e-02
1.846248599999999897e+03 -6.009075992409270839e+01 1.033831922888715608e-02
1.849305399999999963e+03 -6.923084835958070471e+01 1.033108541862846029e-02
1.852360599999999977e+03 -9.146074343326108647e+01 1.033349500126615368e-02
1.855414099999999962e+03 1.550204867319371260e+02 1.029514276502207192e-02
1.858465799999999945e+03 6.729125366837615729e+01 1.030947475724873670e-02
1.861515900000000101e+03 2.155064488189309486e+02 1.028324498829205624e-02
1.864564300000000003e+03 3.113124437903097714e+02 1.026311309073113694e-02
1.867611000000000104e+03 1.056765906046493910e+02 1.029633481536648514e-02
1.870655999999999949e+03 1.949677219490986317e+02 1.028443291008753792e-02
1.873699299999999994e+03 2.056366507682541851e+02 1.027968369121961233e-02
1.876740900000000011e+03 2.622001705099282844e+02 1.026311309073113694e-02
1.879780899999999974e+03 2.532490553689640365e+02 1.027375640958097698e-02
1.882819099999999935e+03 3.819420605290179083e+02 1.024779764052008435e-02
1.885855700000000070e+03 4.057999224023296847e+02 1.023138051509466309e-02
1.888890599999999949e+03 1.347713588674378116e+02 1.028918871746777736e-02
1.891923800000000028e+03 2.504205695047530753e+02 1.026783936917218323e-02
1.894955400000000054e+03 2.546817358301086642e+02 1.027257218314518369e-02
1.897985200000000077e+03 3.310530215261060221e+02 1.025603589433218138e-02
1.901013400000000047e+03 2.708561549999999988e+04 1.030947475724873670e-02
1.904039999999999964e+03 2.713804349999999977e+04 1.030110716084423061e-02
1.907064800000000105e+03 2.702008050000000003e+04 1.031786277784954575e-02
1.910087999999999965e+03 2.694143850000000020e+04 1.033711253857328392e-02
1.913109500000000025e+03 2.719047149999999965e+04 1.028918871746777736e-02
1.916129300000000057e+03 2.688245700000000215e+04 1.034556825576514634e-02
1.919147400000000061e+03 2.694143850000000020e+04 1.033711253857328392e-02
1.922163900000000012e+03 2.696765250000000015e+04 1.033711253857328392e-02
1.925178799999999910e+03 2.678415450000000055e+04 1.036011217333357610e-02
1.928191900000000032e+03 2.696109899999999834e+04 1.032988125924228125e-02
1.931203400000000101e+03 2.717736449999999968e+04 1.029275990588472342e-02
1.934213199999999915e+03 2.720357850000000326e+04 1.028918871746777736e-02
1.937221399999999903e+03 2.721668549999999959e+04 1.022320148522515119e-02
1.940227900000000091e+03 2.711182949999999983e+04 1.030469077798545907e-02
1.943232799999999997e+03 2.719702499999999782e+04 1.028562124366480188e-02
1.946236000000000104e+03 2.738707649999999921e+04 1.025250278201708838e-02
1.949237499999999955e+03 2.736741600000000108e+04 1.025603589433218138e-02
1.952237399999999980e+03 2.768198400000000038e+04 1.019994047332109521e-02
1.955235599999999977e+03 2.753125349999999889e+04 1.022670438115978742e-02
1.958232199999999921e+03 2.772785849999999846e+04 1.019299307294189647e-02
1.961227100000000064e+03 2.778684000000000015e+04 1.016878849820970765e-02
1.964220299999999952e+03 2.776717950000000201e+04 1.017683752072709967e-02
1.967211999999999989e+03 2.760989549999999872e+04 1.021155110937749938e-02
1.970201900000000023e+03 2.745916499999999724e+04 1.023840675869381982e-02
1.973190200000000004e+03 2.741984400000000096e+04 1.024544749769809755e-02
1.976176899999999932e+03 2.732154149999999936e+04 1.026311309073113694e-02
1.979161900000000060e+03 2.736086249999999927e+04 1.025368008038256978e-02
1.982145299999999907e+03 2.751159300000000076e+04 1.022553634913254440e-02
1.985127099999999928e+03 2.743295100000000093e+04 1.024309897102020604e-02
1.988107199999999921e+03 2.739362999999999738e+04 1.024779764052008435e-02
1.991085600000000113e+03 2.721013200000000143e+04 1.028799914711667554e-02
1.994062400000000025e+03 2.722323899999999776e+04 1.027257218314518369e-02
1.997037600000000111e+03 2.741984400000000096e+04 1.023957920722428153e-02
2.000011199999999917e+03 2.755091400000000067e+04 1.022203465288839229e-02
2.002983099999999922e+03 2.758368149999999878e+04 1.021387799811896389e-02
2.005953299999999899e+03 2.758368149999999878e+04 1.020574083800560201e-02
2.008922000000000025e+03 2.765577000000000044e+04 1.019878158671014973e-02
2.011888999999999896e+03 2.767543050000000221e+04 1.019183655247831582e-02
2.014854299999999967e+03 2.775407249999999840e+04 1.017914075432470658e-02
2.017818099999999959e+03 2.763610950000000230e+04 1.020457997343516415e-02
2.020780199999999923e+03 2.781960749999999825e+04 1.016878849820970765e-02
2.023740700000000061e+03 2.769509099999999671e+04 1.018952469205331932e-02
2.026699499999999944e+03 2.774096550000000207e+04 1.018375191685083093e-02
2.029656799999999976e+03 2.764266300000000047e+04 1.019646499801775408e-02
2.032612399999999980e+03 2.761644900000000052e+04 1.020690209884317877e-02
2.035566399999999931e+03 2.736086249999999927e+04 1.024662236697524570e-02
2.038518700000000081e+03 2.742639749999999913e+04 1.024192531315659682e-02
2.041469499999999925e+03 2.737396949999999924e+04 1.025014940134060838e-02
2.044418599999999969e+03 2.730843449999999939e+04 1.025957266180129758e-02
2.047366099999999960e+03 2.719047149999999965e+04 1.028443291008753792e-02
2.050311999999999898e+03 2.700697350000000006e+04 1.031546411158957427e-02
2.053256199999999808e+03 2.711182949999999983e+04 1.028205747804058871e-02
2.056198899999999867e+03 2.710527600000000166e+04 1.030230128443959843e-02
2.059139900000000125e+03 2.700697350000000006e+04 1.032146391673338486e-02
2.062079299999999876e+03 2.694143850000000020e+04 1.032146391673338486e-02
2.065017199999999775e+03 2.709872249999999985e+04 1.029156909661297671e-02
2.067953399999999874e+03 2.689556399999999849e+04 1.033108541862846029e-02
2.070887999999999920e+03 2.701352700000000186e+04 1.031786277784954575e-02
2.073820900000000165e+03 2.714459700000000157e+04 1.028680998926179840e-02
2.076752300000000105e+03 2.723634600000000137e+04 1.027612609163522719e-02
2.079682099999999991e+03 2.728877400000000125e+04 1.026193254053562633e-02
2.082610200000000077e+03 2.730843449999999939e+04 1.025603589433218138e-02
2.085536799999999857e+03 2.739362999999999738e+04 1.024192531315659682e-02
2.088461800000000039e+03 2.737396949999999924e+04 1.024662236697524570e-02
2.091385099999999966e+03 2.741984400000000096e+04 1.023606306935129218e-02
2.094306900000000041e+03 2.738052300000000105e+04 1.024427303245692769e-02
2.097226999999999862e+03 2.745916499999999724e+04 1.022436871723046529e-02
2.100145599999999831e+03 2.741329049999999916e+04 1.023606306935129218e-02
2.103062500000000000e+03 2.743950450000000274e+04 1.023255055118003735e-02
2.105977899999999863e+03 2.735430900000000111e+04 1.024779764052008435e-02
2.108891700000000128e+03 2.732154149999999936e+04 1.025368008038256978e-02
2.111803800000000138e+03 2.742639749999999913e+04 1.023489182807858083e-02
2.114714399999999841e+03 2.734775549999999930e+04 1.025014940134060838e-02
2.117623399999999947e+03 2.728877400000000125e+04 1.026429404845793057e-02
2.120530799999999999e+03 2.722979249999999956e+04 1.027138836612216492e-02
2.123436599999999999e+03 2.709872249999999985e+04 1.029752727988091955e-02
2.126340799999999945e+03 2.714459700000000157e+04 1.028562124366480188e-02
2.129243500000000040e+03 2.689556399999999849e+04 1.033228999922121243e-02
2.132144499999999880e+03 2.690211749999999665e+04 1.032988125924228125e-02
2.135043999999999869e+03 2.690211749999999665e+04 1.032506882885799414e-02
2.137941899999999805e+03 2.684968950000000041e+04 1.033952634188431072e-02
2.140838099999999940e+03 2.708561549999999988e+04 1.029633481536648514e-02
2.143732899999999972e+03 2.702663399999999820e+04 1.030588614841787543e-02
2.146626000000000204e+03 2.711182949999999983e+04 1.029037870055363527e-02
2.149517499999999927e+03 2.707250849999999991e+04 1.029633481536648514e-02
2.152407499999999800e+03 2.703318750000000000e+04 1.030110716084423061e-02
2.155295900000000074e+03 2.714459700000000157e+04 1.027849741417553517e-02
2.158182699999999841e+03 2.717736449999999968e+04 1.027257218314518369e-02
2.161068000000000211e+03 2.706595499999999811e+04 1.029752727988091955e-02
2.163951599999999871e+03 2.701352700000000186e+04 1.030708193494489153e-02
2.166833700000000135e+03 2.722979249999999956e+04 1.025957266180129758e-02
2.169714300000000094e+03 2.713804349999999977e+04 1.028205747804058871e-02
2.172593199999999797e+03 2.716425749999999971e+04 1.027731154772634249e-02
2.175470600000000104e+03 2.705940149999999994e+04 1.029275990588472342e-02
2.178346399999999903e+03 2.709216899999999805e+04 1.028680998926179840e-02
2.181220699999999852e+03 2.675794050000000061e+04 1.035283255268533431e-02
2.184093299999999999e+03 2.673827999999999884e+04 1.035525738760620547e-02
2.186964500000000044e+03 2.684968950000000041e+04 1.033349500126615368e-02
2.189833999999999833e+03 2.675794050000000061e+04 1.035040942039873631e-02
2.192702000000000226e+03 2.647614000000000306e+04 1.041027065266625883e-02
2.195568400000000111e+03 2.636473049999999785e+04 1.042385222485088525e-02
2.198433300000000145e+03 2.630574899999999980e+04 1.043997191317254380e-02
2.201296600000000126e+03 2.629264199999999983e+04 1.044121498895395420e-02
2.204158300000000054e+03 2.612225100000000020e+04 1.047494679141865344e-02
2.207018500000000131e+03 2.631885599999999977e+04 1.043500404617073336e-02
2.209877199999999903e+03 2.616812549999999828e+04 1.046366655827845465e-02
2.212734199999999873e+03 2.610259049999999843e+04 1.047871498392308719e-02
2.215589800000000196e+03 2.620744649999999820e+04 1.046116478500700754e-02
2.218443699999999808e+03 2.605016250000000218e+04 1.048878341284579900e-02
2.221296200000000226e+03 2.616157200000000012e+04 1.046116478500700754e-02
2.224146999999999935e+03 2.621400000000000000e+04 1.045242268910955008e-02
2.226996299999999792e+03 2.617467900000000009e+04 1.046241544730868410e-02
2.229844099999999798e+03 2.637783750000000146e+04 1.042261533938526261e-02
2.232690300000000207e+03 2.644992599999999948e+04 1.040165542454651870e-02
2.235534999999999854e+03 2.644337250000000131e+04 1.041150314786416786e-02
2.238378099999999904e+03 2.629264199999999983e+04 1.043624534803037560e-02
2.241219700000000103e+03 2.642371199999999953e+04 1.041396945209107847e-02
2.244059699999999793e+03 2.630574899999999980e+04 1.043748709297474646e-02
2.246898200000000088e+03 2.621400000000000000e+04 1.044494688220076219e-02
2.249735200000000077e+03 2.612225100000000020e+04 1.046116478500700754e-02
2.252570600000000013e+03 2.589943200000000070e+04 1.050900764644894896e-02
2.255404500000000098e+03 2.591909250000000247e+04 1.050140985706212587e-02
2.258236800000000130e+03 2.589943200000000070e+04 1.050900764644894896e-02
2.261067599999999857e+03 2.589943200000000070e+04 1.051408201064926370e-02
2.263896799999999985e+03 2.578802250000000276e+04 1.052680015006426592e-02
2.266724600000000009e+03 2.559797100000000137e+04 1.056781048369738636e-02
2.269550799999999981e+03 2.559141749999999956e+04 1.057167982311441740e-02
2.272375399999999900e+03 2.566350600000000122e+04 1.055751298017149412e-02
2.275198499999999967e+03 2.555865000000000146e+04 1.058201887675722097e-02
2.278020100000000184e+03 2.565039900000000125e+04 1.056137101537433197e-02
2.280840200000000095e+03 2.542758000000000175e+04 1.060148664119381530e-02
2.283658699999999953e+03 2.539481250000000000e+04 1.060799981170511969e-02
2.286475699999999961e+03 2.533583099999999831e+04 1.062106224715694131e-02
2.289291200000000117e+03 2.539481250000000000e+04 1.060409046946375264e-02
2.292105199999999968e+03 2.553898949999999968e+04 1.058331339249718624e-02
2.294917600000000220e+03 2.556520349999999962e+04 1.057297054771761877e-02
2.297728500000000167e+03 2.550622199999999793e+04 1.059109047626010693e-02
2.300537899999999809e+03 2.552588249999999971e+04 1.057555341585135304e-02
2.303345699999999852e+03 2.559141749999999956e+04 1.056523328319968098e-02
2.306152099999999791e+03 2.554554299999999785e+04 1.057813817781487822e-02
2.308956900000000132e+03 2.553243600000000151e+04 1.057684555995976571e-02
2.311760200000000168e+03 2.563073849999999948e+04 1.056137101537433197e-02
2.314561999999999898e+03 2.544724049999999988e+04 1.058201887675722097e-02
2.317362200000000030e+03 2.540136600000000180e+04 1.060148664119381530e-02
2.320161000000000058e+03 2.544068699999999808e+04 1.059498545296901247e-02
2.322958200000000033e+03 2.538825900000000183e+04 1.060539310327119483e-02
2.325753999999999905e+03 2.532927750000000015e+04 1.061713845086005234e-02
2.328548200000000179e+03 2.511956549999999697e+04 1.064601439068900077e-02
2.331340900000000147e+03 2.501470949999999721e+04 1.067512722522805449e-02
2.334132099999999809e+03 2.500160250000000087e+04 1.068177715250677277e-02
2.336921800000000076e+03 2.471980199999999968e+04 1.074896725491204102e-02
2.339709899999999834e+03 2.460839250000000175e+04 1.076391998295070027e-02
2.342496599999999944e+03 2.452319700000000012e+04 1.078852326072426808e-02
2.345281800000000203e+03 2.441178749999999854e+04 1.076937283030295761e-02
2.348065399999999954e+03 2.451009000000000015e+04 1.079126738470625665e-02
2.350847600000000057e+03 2.434625249999999869e+04 1.081605909739717132e-02
2.353628200000000106e+03 2.438557349999999860e+04 1.081744142970486600e-02
2.356407400000000052e+03 2.432003849999999875e+04 1.083129396634421523e-02
2.359184999999999945e+03 2.424795000000000073e+04 1.084659339401900478e-02
2.361961099999999988e+03 2.426761050000000250e+04 1.084241439429000503e-02
2.364735799999999927e+03 2.429382449999999881e+04 1.083129396634421523e-02
2.367508899999999812e+03 2.437246650000000227e+04 1.081882429214959564e-02
2.370280600000000049e+03 2.438557349999999860e+04 1.081191527791143005e-02
2.373050799999999981e+03 2.430693149999999878e+04 1.082713261869763105e-02
2.375819399999999860e+03 2.435280600000000049e+04 1.082020768507030092e-02
2.378586600000000089e+03 2.447076900000000023e+04 1.079813686619941412e-02
2.381352300000000014e+03 2.435280600000000049e+04 1.081329602183863682e-02
2.384116399999999885e+03 2.445110849999999846e+04 1.079951233743181756e-02
2.386879100000000108e+03 2.452975050000000192e+04 1.078167209901171111e-02
2.389640300000000025e+03 2.448387600000000020e+04 1.078852326072426808e-02
2.392400099999999838e+03 2.435280600000000049e+04 1.080915537607248650e-02
2.395158300000000054e+03 2.446421550000000207e+04 1.079126738470625665e-02
2.397914999999999964e+03 2.418896849999999904e+04 1.085077722962070161e-02
2.400670300000000225e+03 2.419552199999999721e+04 1.085077722962070161e-02
2.403424100000000180e+03 2.419552199999999721e+04 1.085077722962070161e-02
2.406176300000000083e+03 2.423484300000000076e+04 1.084798746810663669e-02
2.408927099999999882e+03 2.399891700000000128e+04 1.089712127648256694e-02
2.411676500000000033e+03 2.403823800000000119e+04 1.088583184451990052e-02
2.414424300000000130e+03 2.402513099999999758e+04 1.089147217227893691e-02
2.417170700000000124e+03 2.374988399999999820e+04 1.094549625294403451e-02
2.419915599999999813e+03 2.382852599999999802e+04 1.092549924452352467e-02
2.422659000000000106e+03 2.373022350000000006e+04 1.095553602099473729e-02
2.425400900000000092e+03 2.367779550000000017e+04 1.097136876869346002e-02
2.428141399999999976e+03 2.360570700000000215e+04 1.097714317370834629e-02
2.430880299999999806e+03 2.370400950000000012e+04 1.095122988154728985e-02
2.433617799999999988e+03 2.366468850000000020e+04 1.095553602099473729e-02
2.436353900000000067e+03 2.378920499999999811e+04 1.094263281371833478e-02
2.439088400000000092e+03 2.363847450000000026e+04 1.096704394015592110e-02
2.441821500000000015e+03 2.376299099999999817e+04 1.094406425238149232e-02
2.444553199999999833e+03 2.389406099999999788e+04 1.090561143848455504e-02
2.447283300000000054e+03 2.397925649999999951e+04 1.089712127648256694e-02
2.450012000000000171e+03 2.420862900000000081e+04 1.084380685745561269e-02
2.452739199999999983e+03 2.397925649999999951e+04 1.089429562590310714e-02
2.455465000000000146e+03 2.419552199999999721e+04 1.084519985725035732e-02
2.458189300000000003e+03 2.402513099999999758e+04 1.088724110491088096e-02
2.460912100000000009e+03 2.411688000000000102e+04 1.085915944580286355e-02
2.463633499999999913e+03 2.405789849999999933e+04 1.087879374211963776e-02
2.466353399999999965e+03 2.399891700000000128e+04 1.088301496470963324e-02
2.469071800000000167e+03 2.381541900000000169e+04 1.092692396895346245e-02
2.471788799999999810e+03 2.378265149999999994e+04 1.093405596107691058e-02
2.474504300000000057e+03 2.376954449999999997e+04 1.093691267071705137e-02
2.477218400000000202e+03 2.369090250000000015e+04 1.095840960426277925e-02
2.479931000000000040e+03 2.350085099999999875e+04 1.100324129232042696e-02
2.482642100000000028e+03 2.341565550000000076e+04 1.102220612399984132e-02
2.485351799999999912e+03 2.336322749999999724e+04 1.103099226020887169e-02
2.488060100000000148e+03 2.334356700000000274e+04 1.103099226020887169e-02
2.490766900000000078e+03 2.306176649999999790e+04 1.109607242520687688e-02
2.493472200000000157e+03 2.311419450000000143e+04 1.109159850293971704e-02
2.496176100000000133e+03 2.303555249999999796e+04 1.110653266683704274e-02
2.498878499999999804e+03 2.281273350000000210e+04 1.115321479416619965e-02
2.501579499999999825e+03 2.286516149999999834e+04 1.114867142451844706e-02
2.504279100000000199e+03 2.297001749999999811e+04 1.112303012503352943e-02
2.506977199999999812e+03 2.302899899999999980e+04 1.110802940327222307e-02
2.509673800000000028e+03 2.279307300000000032e+04 1.116535765545901247e-02
2.512369000000000142e+03 2.293069649999999820e+04 1.113055331163934764e-02
2.515062800000000152e+03 2.299623149999999805e+04 1.111102469236624132e-02
2.517755099999999857e+03 2.292414300000000003e+04 1.113055331163934764e-02
2.520445999999999913e+03 2.298967799999999988e+04 1.112152731747076580e-02
2.523135400000000118e+03 2.307487350000000151e+04 1.110055176566728669e-02
2.525823400000000220e+03 2.316006899999999951e+04 1.107672442020818382e-02
2.528510000000000218e+03 2.297001749999999811e+04 1.112152731747076580e-02
2.531195099999999911e+03 2.299623149999999805e+04 1.111702254688800955e-02
2.533878799999999956e+03 2.303555249999999796e+04 1.110802940327222307e-02
2.536561000000000149e+03 2.302899899999999980e+04 1.110802940327222307e-02
2.539241799999999785e+03 2.299623149999999805e+04 1.110802940327222307e-02
2.541921200000000226e+03 2.294380350000000180e+04 1.112002511886629567e-02
2.544599099999999908e+03 2.293069649999999820e+04 1.112754220558894586e-02
2.547275700000000143e+03 2.262268200000000070e+04 1.120356127647872957e-02
2.549950699999999870e+03 2.262268200000000070e+04 1.120509758931097569e-02
2.552624400000000151e+03 2.266855649999999878e+04 1.119588917992981984e-02
2.555296600000000126e+03 2.266200300000000061e+04 1.117601525706566137e-02
2.557967399999999998e+03 2.247195149999999921e+04 1.123905718597454848e-02
2.560636800000000221e+03 2.223602549999999974e+04 1.129687405910846827e-02
2.563304700000000139e+03 2.224913250000000335e+04 1.129844908512645657e-02
2.565971199999999953e+03 2.222947200000000157e+04 1.130160111450431368e-02
2.568636300000000119e+03 2.217049049999999988e+04 1.130633410882689316e-02
2.571300000000000182e+03 2.222947200000000157e+04 1.129687405910846827e-02
2.573962199999999939e+03 2.215738349999999991e+04 1.131107305452244173e-02
2.576623000000000047e+03 2.203942050000000017e+04 1.134600836264258207e-02
2.579282400000000052e+03 2.212461600000000180e+04 1.131423566413394984e-02
2.581940399999999954e+03 2.202631350000000020e+04 1.134760403220432153e-02
2.584596900000000005e+03 2.215738349999999991e+04 1.131423566413394984e-02
2.587252100000000155e+03 2.230811399999999776e+04 1.127645847798871420e-02
2.589905799999999999e+03 2.228190000000000146e+04 1.128272840256435740e-02
2.592558100000000195e+03 2.225568600000000151e+04 1.127959213331611657e-02
2.595208999999999833e+03 2.243263049999999930e+04 1.123750686426416324e-02
2.597858499999999822e+03 2.238020250000000306e+04 1.125771123563401935e-02
2.600506499999999960e+03 2.230811399999999776e+04 1.127489262941100585e-02
2.603153200000000197e+03 2.248505850000000282e+04 1.123131198680095595e-02
2.605798400000000129e+03 2.228845349999999962e+04 1.127019899458772505e-02
2.608442300000000159e+03 2.227534649999999965e+04 1.128429751854476311e-02
2.611084699999999884e+03 2.214427649999999994e+04 1.131581796407373636e-02
2.613725699999999961e+03 2.204597399999999834e+04 1.133963240913955089e-02
2.616365299999999934e+03 2.213772299999999814e+04 1.131898455654206659e-02
2.619003499999999804e+03 2.205252750000000015e+04 1.134441336602787752e-02
2.621640300000000025e+03 2.196077850000000035e+04 1.136359784427455437e-02
2.624275700000000143e+03 2.169863850000000093e+04 1.143151806048761480e-02
2.626909700000000157e+03 2.159378250000000116e+04 1.145771464152777093e-02
2.629542199999999866e+03 2.147581949999999779e+04 1.147582961669922630e-02
2.632173400000000129e+03 2.125300049999999828e+04 1.153739834621613815e-02
2.634803199999999833e+03 2.121367949999999837e+04 1.155589451517138010e-02
2.637431599999999889e+03 2.101052100000000064e+04 1.161021159246031220e-02
2.640058599999999842e+03 2.093187900000000081e+04 1.163421737238040134e-02
2.642684099999999944e+03 2.071561349999999948e+04 1.167745775547436755e-02
2.645308300000000145e+03 2.080080900000000111e+04 1.165318387494527867e-02
2.647931099999999788e+03 2.064352500000000146e+04 1.171064482371511790e-02
2.650552499999999782e+03 2.045347350000000006e+04 1.175829589995175742e-02
2.653172500000000127e+03 2.053211549999999988e+04 1.174057960858774889e-02
2.655791099999999915e+03 2.047968750000000000e+04 1.175652066088374650e-02
2.658408300000000054e+03 2.028963599999999860e+04 1.180653343278285049e-02
2.661024100000000089e+03 2.025686850000000049e+04 1.180473625894904594e-02
2.663638500000000022e+03 2.011269150000000081e+04 1.185536955126582914e-02
2.666251600000000053e+03 2.027652900000000227e+04 1.181373034502253630e-02
2.668863199999999779e+03 2.025686850000000049e+04 1.181913667450010946e-02
2.671473500000000058e+03 2.017822650000000067e+04 1.184446471723849675e-02
2.674082399999999780e+03 2.017822650000000067e+04 1.183902357245221471e-02
2.676689800000000105e+03 2.017822650000000067e+04 1.183540030578053570e-02
2.679295999999999822e+03 2.007992399999999907e+04 1.186265619580828025e-02
2.681900700000000143e+03 1.988987249999999767e+04 1.191219499571341718e-02
2.684503999999999905e+03 1.981123050000000148e+04 1.194370634228253923e-02
2.687105900000000020e+03 1.997506799999999930e+04 1.189745217447572313e-02
2.689706499999999778e+03 1.982433749999999782e+04 1.193998614087091702e-02
2.692305699999999888e+03 1.976535599999999977e+04 1.195115718913465283e-02
2.694903499999999894e+03 1.945734149999999863e+04 1.204166898148437484e-02
2.697499899999999798e+03 1.944423450000000230e+04 1.205121601301774141e-02
2.700094999999999800e+03 1.939180649999999878e+04 1.206653860790702845e-02
2.702688700000000154e+03 1.915588049999999930e+04 1.213426888911852027e-02
2.705280999999999949e+03 1.899204300000000148e+04 1.219126066722116958e-02
2.707871900000000096e+03 1.884786600000000180e+04 1.222504529982310247e-02
2.710461400000000140e+03 1.874300999999999840e+04 1.225911237186681595e-02
2.713049599999999828e+03 1.856606550000000061e+04 1.232606375236012554e-02
2.715636399999999867e+03 1.854640499999999884e+04 1.233425382884676021e-02
2.718221799999999803e+03 1.816630199999999968e+04 1.245909763599758850e-02
2.720805899999999838e+03 1.813353450000000157e+04 1.246755595172811815e-02
2.723388600000000224e+03 1.814664149999999790e+04 1.245698574554492122e-02
2.725969900000000052e+03 1.810732049999999799e+04 1.247603151759601667e-02
2.728549899999999980e+03 1.786484100000000035e+04 1.255525880761534409e-02
2.731128400000000056e+03 1.790416200000000026e+04 1.252939830887634699e-02
2.733705699999999979e+03 1.802212500000000000e+04 1.249090544276622826e-02
2.736281500000000051e+03 1.794348300000000017e+04 1.253369729624212794e-02
2.738856000000000222e+03 1.787794800000000032e+04 1.255525880761534409e-02
2.741429099999999835e+03 1.790416200000000026e+04 1.253800071174961984e-02
2.744000900000000001e+03 1.787794800000000032e+04 1.254877867360555156e-02
2.746571300000000065e+03 1.802212500000000000e+04 1.250583269317999402e-02
2.749140300000000025e+03 1.781241300000000047e+04 1.257041824593627469e-02
2.751708000000000084e+03 1.787794800000000032e+04 1.255525880761534409e-02
2.754274300000000039e+03 1.775343149999999878e+04 1.259435156067395707e-02
2.756839300000000094e+03 1.771411049999999886e+04 1.260090258923694459e-02
2.759402900000000045e+03 1.767478949999999895e+04 1.262061718161389470e-02
2.761965200000000095e+03 1.759614750000000276e+04 1.263381176669332688e-02
2.764525999999999840e+03 1.753061249999999927e+04 1.266032556661531895e-02
2.767085599999999886e+03 1.736677500000000146e+04 1.271834957319697978e-02
2.769643799999999828e+03 1.730124000000000160e+04 1.273862146176544738e-02
2.772200600000000122e+03 1.718327699999999822e+04 1.278858593812675845e-02
2.774756100000000060e+03 1.697356500000000233e+04 1.286697353384846226e-02
2.777310199999999895e+03 1.690147650000000067e+04 1.288796561919238783e-02
2.779862999999999829e+03 1.680972750000000087e+04 1.292553994270818733e-02
2.782414400000000114e+03 1.676385300000000279e+04 1.294919145369147206e-02
2.784964500000000044e+03 1.660656899999999951e+04 1.300168516661105028e-02
2.787513199999999870e+03 1.646894550000000163e+04 1.304996489146568149e-02
2.790060599999999795e+03 1.637719650000000001e+04 1.308897832646129661e-02
2.792606699999999819e+03 1.628544750000000022e+04 1.312834376369485974e-02
2.795151400000000194e+03 1.629855450000000019e+04 1.312093568800085965e-02
2.797694700000000012e+03 1.608228900000000067e+04 1.319558602878892657e-02
2.800236699999999928e+03 1.604296799999999894e+04 1.321823077311532965e-02
2.802777399999999943e+03 1.612161000000000058e+04 1.318305579518830838e-02
2.805316699999999855e+03 1.603641450000000077e+04 1.322327878963432124e-02
2.807854699999999866e+03 1.594466549999999916e+04 1.325623247329870899e-02
2.810391299999999774e+03 1.616748450000000048e+04 1.317056118922004145e-02
2.812926599999999780e+03 1.626578700000000026e+04 1.313081591205755155e-02
2.815460599999999886e+03 1.610194950000000063e+04 1.319056964920115732e-02
2.817993199999999888e+03 1.618059150000000045e+04 1.315064350494746931e-02
2.820524499999999989e+03 1.623301950000000033e+04 1.313328945750890861e-02
2.823054500000000189e+03 1.621335900000000038e+04 1.314567818723037448e-02
2.825583099999999831e+03 1.640341050000000178e+04 1.307674906253127739e-02
2.828110400000000027e+03 1.628544750000000022e+04 1.312093568800085965e-02
2.830636399999999867e+03 1.610850299999999879e+04 1.317555476710154105e-02
2.833161000000000058e+03 1.616748450000000048e+04 1.315064350494746931e-02
2.835684299999999894e+03 1.606262850000000071e+04 1.320815205966121599e-02
2.838206299999999828e+03 1.606918200000000070e+04 1.319809636573331460e-02
2.840726900000000114e+03 1.600364700000000084e+04 1.323845761091959998e-02
2.843246200000000044e+03 1.590534449999999924e+04 1.326897272849613188e-02
2.845764200000000073e+03 1.593811199999999917e+04 1.323339219745277295e-02
2.848280900000000202e+03 1.580048850000000130e+04 1.330484180691071140e-02
2.850796200000000226e+03 1.563009749999999985e+04 1.338007696106861648e-02
2.853310199999999895e+03 1.546625999999999840e+04 1.345128315581462473e-02
2.855822900000000118e+03 1.549247400000000016e+04 1.343801104290760426e-02
2.858334199999999782e+03 1.542038550000000032e+04 1.346192920667449097e-02
2.860844300000000203e+03 1.543349249999999847e+04 1.346192920667449097e-02
2.863353000000000065e+03 1.528931550000000061e+04 1.351554124362386138e-02
2.865860400000000027e+03 1.526310149999999885e+04 1.353445733579691258e-02
2.868366399999999885e+03 1.528276199999999881e+04 1.352363842332791714e-02
2.870871200000000044e+03 1.530242250000000058e+04 1.351015119705113038e-02
2.873374600000000100e+03 1.536795749999999862e+04 1.347794578486348309e-02
2.875876699999999801e+03 1.534829699999999866e+04 1.349133669306946080e-02
2.878377500000000055e+03 1.528276199999999881e+04 1.351554124362386138e-02
2.880876999999999953e+03 1.536140400000000045e+04 1.348329736172112873e-02
2.883375199999999950e+03 1.545970650000000023e+04 1.344331517220154724e-02
2.885872100000000046e+03 1.549902749999999833e+04 1.342742159205661222e-02
2.888367600000000039e+03 1.548592050000000017e+04 1.343271318697810898e-02
2.890861800000000130e+03 1.542038550000000032e+04 1.345926532434769604e-02
2.893354800000000068e+03 1.547936700000000019e+04 1.343536133154537779e-02
2.895846399999999903e+03 1.545970650000000023e+04 1.344596959323091437e-02
2.898336699999999837e+03 1.564320449999999983e+04 1.336179994234519552e-02
2.900825699999999870e+03 1.557766949999999997e+04 1.339055470500871529e-02
2.903313400000000001e+03 1.557766949999999997e+04 1.339317798933303306e-02
2.905799700000000030e+03 1.575461399999999958e+04 1.331514366041462380e-02
2.908284799999999905e+03 1.568252550000000156e+04 1.334619339630419010e-02
2.910768599999999878e+03 1.551868800000000010e+04 1.340368656528425663e-02
2.913251000000000204e+03 1.544659950000000026e+04 1.343801104290760426e-02
2.915732199999999921e+03 1.552524150000000009e+04 1.340631757651095102e-02
2.918212100000000191e+03 1.539417150000000038e+04 1.346459467134900057e-02
2.920690599999999904e+03 1.540727850000000035e+04 1.344331517220154724e-02
2.923167899999999918e+03 1.521722699999999895e+04 1.352363842332791714e-02
2.925643799999999828e+03 1.501406849999999940e+04 1.362195372878256122e-02
2.928118500000000040e+03 1.513203149999999914e+04 1.356979895373427308e-02
2.930591800000000148e+03 1.496819399999999951e+04 1.364686942556223199e-02
2.933063900000000103e+03 1.482401700000000164e+04 1.371116927903354502e-02
2.935534700000000157e+03 1.466017950000000019e+04 1.377924335548078721e-02
2.938004100000000108e+03 1.471916100000000006e+04 1.376497764779911065e-02
2.940472299999999905e+03 1.450944900000000052e+04 1.383964738378425791e-02
2.942939199999999801e+03 1.451600250000000051e+04 1.383386036810838049e-02
2.945404700000000048e+03 1.452255599999999868e+04 1.385414675641855227e-02
2.947869000000000142e+03 1.441770000000000073e+04 1.389205944867436850e-02
2.950331999999999880e+03 1.428007650000000103e+04 1.395396601494015842e-02
2.952793700000000172e+03 1.433250450000000092e+04 1.392733346089217172e-02
2.955254199999999855e+03 1.434561150000000089e+04 1.393028510518956771e-02
2.957713299999999890e+03 1.438493250000000080e+04 1.389498871796336806e-02
2.960171100000000024e+03 1.451600250000000051e+04 1.384834154067806321e-02
2.962627700000000004e+03 1.441114650000000074e+04 1.388913203120457386e-02
2.965082899999999881e+03 1.442425349999999889e+04 1.388328274392422977e-02
2.967536900000000060e+03 1.442425349999999889e+04 1.388620646360367271e-02
2.969989599999999882e+03 1.442425349999999889e+04 1.387744084055431495e-02
2.972440999999999804e+03 1.439148599999999897e+04 1.389791984102475841e-02
2.974891099999999824e+03 1.433250450000000092e+04 1.392143579665953285e-02
2.977340000000000146e+03 1.439148599999999897e+04 1.388620646360367271e-02
2.979787499999999909e+03 1.433905799999999908e+04 1.391554561835623913e-02
2.982233799999999974e+03 1.432595099999999911e+04 1.391554561835623913e-02
2.984678800000000138e+03 1.413589949999999953e+04 1.401069575658443755e-02
2.987122499999999945e+03 1.405725749999999971e+04 1.405294218901404109e-02
2.989565000000000055e+03 1.395240149999999994e+04 1.410782479306049719e-02
2.992006100000000060e+03 1.386065250000000015e+04 1.415405481797795545e-02
2.994445999999999913e+03 1.367715450000000055e+04 1.424473675509754268e-02
2.996884599999999864e+03 1.367060100000000057e+04 1.425421744616713234e-02
2.999322000000000116e+03 1.348710300000000097e+04 1.433396640375424712e-02
3.001757999999999811e+03 1.348054949999999917e+04 1.434685087053882112e-02
3.004192799999999806e+03 1.332326550000000134e+04 1.442817365585843600e-02
3.006626299999999901e+03 1.329049800000000141e+04 1.444789775755664016e-02
3.009058500000000095e+03 1.321185599999999977e+04 1.444460478936399755e-02
3.011489500000000135e+03 1.302180449999999837e+04 1.456796545432451767e-02
3.013919199999999819e+03 1.319219549999999981e+04 1.449091231989189758e-02
3.016347600000000057e+03 1.319219549999999981e+04 1.448758985915354035e-02
3.018774800000000141e+03 1.324462349999999969e+04 1.445779019127817547e-02
3.021200699999999870e+03 1.319219549999999981e+04 1.447101176714709475e-02
3.023625300000000152e+03 1.323151649999999972e+04 1.446439644713641906e-02
3.026048699999999826e+03 1.339535399999999936e+04 1.437272438275754606e-02
3.028470800000000054e+03 1.338224699999999939e+04 1.439547890807069824e-02
3.030891599999999926e+03 1.335603300000000127e+04 1.439222164387964770e-02
3.033311200000000099e+03 1.325117699999999968e+04 1.446109218748230923e-02
3.035729499999999916e+03 1.318564199999999983e+04 1.448426968267836970e-02
3.038146499999999833e+03 1.320530250000000160e+04 1.448095178785012253e-02
3.040562300000000050e+03 1.303491150000000016e+04 1.457472396336557952e-02
3.042976799999999912e+03 1.293660900000000038e+04 1.461547350411086105e-02
3.045389999999999873e+03 1.264825500000000102e+04 1.478548710366009260e-02
3.047802000000000135e+03 1.264825500000000102e+04 1.478548710366009260e-02
3.050212799999999788e+03 1.241888249999999971e+04 1.490338701902886587e-02
3.052622199999999793e+03 1.241888249999999971e+04 1.490700390708576267e-02
3.055030499999999847e+03 1.225504500000000007e+04 1.500935825040571048e-02
3.057437399999999798e+03 1.216984950000000026e+04 1.505760207792869280e-02
3.059843199999999797e+03 1.215018900000000031e+04 1.505760207792869280e-02
3.062247600000000148e+03 1.218951000000000022e+04 1.505387448730890164e-02
3.064650799999999890e+03 1.213708200000000033e+04 1.508002592069881617e-02
3.067052799999999934e+03 1.221572400000000016e+04 1.502045027673820643e-02
3.069453500000000076e+03 1.224193800000000010e+04 1.501305286172330972e-02
3.071852899999999863e+03 1.216329599999999846e+04 1.504642760360447307e-02
3.074251099999999951e+03 1.222227750000000015e+04 1.501675020271316975e-02
3.076648000000000138e+03 1.221572400000000016e+04 1.503156693074055375e-02
3.079043700000000172e+03 1.212397500000000036e+04 1.507628165598047000e-02
3.081438200000000052e+03 1.194047700000000077e+04 1.518218759572509229e-02
3.083831400000000031e+03 1.182906749999999920e+04 1.526698341310738991e-02
3.086223399999999856e+03 1.159969499999999971e+04 1.541685664446207707e-02
3.088614099999999780e+03 1.129168050000000039e+04 1.560847903637978783e-02
3.091003499999999804e+03 1.122614550000000054e+04 1.565855984646720780e-02
3.093391799999999876e+03 1.099021949999999924e+04 1.582038771723767723e-02
3.095778699999999844e+03 1.099677300000000105e+04 1.581606461626415550e-02
3.098164499999999862e+03 1.110162899999999900e+04 1.574310992029795755e-02
3.100548999999999978e+03 1.104920099999999911e+04 1.578160691821500067e-02
3.102932200000000194e+03 1.102298699999999917e+04 1.578160691821500067e-02
3.105314199999999801e+03 1.112784300000000076e+04 1.560847903637978783e-02
3.107695000000000164e+03 1.107541500000000087e+04 1.575591093332527268e-02
3.110074500000000171e+03 1.096400550000000112e+04 1.582904456478961136e-02
3.112452800000000025e+03 1.081982849999999962e+04 1.595175217297252479e-02
3.114829900000000180e+03 1.046593950000000041e+04 1.617815793319594617e-02
3.117205699999999979e+03 1.034797650000000067e+04 1.626675493537920250e-02
3.119580300000000079e+03 1.002685499999999956e+04 1.652180317831275849e-02
3.121953700000000026e+03 1.007928299999999945e+04 1.648742875491122570e-02
3.124325800000000072e+03 1.000064100000000144e+04 1.654154249619883832e-02
3.126696699999999964e+03 1.016447849999999926e+04 1.640965743093148951e-02
3.129066299999999956e+03 1.007272949999999946e+04 1.647276239581443869e-02
3.131434699999999793e+03 9.974426999999999680e+03 1.656631642425801174e-02
3.133801899999999932e+03 9.902338500000001659e+03 1.664131144964243678e-02
3.136167899999999918e+03 9.581217000000000553e+03 1.687780780578799003e-02
3.138532600000000002e+03 9.253541999999999462e+03 1.714116158103561049e-02
3.140896099999999933e+03 9.233881499999999505e+03 1.719643796308258088e-02
3.143258400000000165e+03 9.122471999999999753e+03 1.729729770161689620e-02
3.145619400000000041e+03 9.181453499999999622e+03 1.724104617800984937e-02
3.147979299999999967e+03 9.279755999999999403e+03 1.715768849624960818e-02
3.150337899999999991e+03 9.096257999999999811e+03 1.732563072257433182e-02
3.152695200000000114e+03 8.768583000000000538e+03 1.761086941288162247e-02
3.155051399999999830e+03 8.532657000000001062e+03 1.784204097679379167e-02
3.157406300000000101e+03 8.558870999999999185e+03 1.782964636538001552e-02
3.159760000000000218e+03 8.650620000000000800e+03 1.771924501678745142e-02
3.162112500000000182e+03 8.585085000000000946e+03 1.781110278639986416e-02
3.164463799999999992e+03 8.185321500000000015e+03 1.821312349157846663e-02
3.166813799999999901e+03 7.975609500000000480e+03 1.842120351639673845e-02
3.169162600000000111e+03 8.159107500000000073e+03 1.823957684392420869e-02
3.171510200000000168e+03 8.126340000000000146e+03 1.828614888322493970e-02
3.173856600000000071e+03 7.661041500000000269e+03 1.876516119139795893e-02
3.176201799999999821e+03 7.661041500000000269e+03 1.878685084748186671e-02
3.178545700000000124e+03 7.746237000000000080e+03 1.868627042621308354e-02
