-3.075250000000000128e+01 9.568110000000000355e+02 3.824298707457667729e-02
-2.660050000000000026e+01 9.568110000000000355e+02 3.824298707457667729e-02
-2.245090000000000074e+01 9.568110000000000355e+02 3.824298707457667729e-02
-1.830389999999999873e+01 9.568110000000000355e+02 3.824298707457667729e-02
-1.415949999999999953e+01 9.568110000000000355e+02 3.824298707457667729e-02
-1.001759999999999984e+01 9.568110000000000355e+02 3.824298707457667729e-02
-5.878199999999999648e+00 9.568110000000000355e+02 3.824298707457667729e-02
-1.741400000000000059e+00 9.568110000000000355e+02 3.824298707457667729e-02
2.392900000000000027e+00 9.568110000000000355e+02 3.824298707457667729e-02
6.524700000000000166e+00 9.568110000000000355e+02 3.824298707457667729e-02
1.065390000000000015e+01 9.568110000000000355e+02 3.824298707457667729e-02
1.478059999999999974e+01 9.568110000000000355e+02 3.824298707457667729e-02
1.890480000000000160e+01 9.568110000000000355e+02 3.824298707457667729e-02
2.302649999999999864e+01 9.568110000000000355e+02 3.824298707457667729e-02
2.714560000000000173e+01 9.568110000000000355e+02 3.824298707457667729e-02
3.126219999999999999e+01 9.568110000000000355e+02 3.824298707457667729e-02
3.537639999999999674e+01 9.568110000000000355e+02 3.824298707457667729e-02
3.948790000000000333e+01 9.568110000000000355e+02 3.824298707457667729e-02
4.359700000000000131e+01 9.568110000000000355e+02 3.824298707457667729e-02
4.770360000000000156e+01 9.568110000000000355e+02 3.824298707457667729e-02
5.180769999999999698e+01 9.568110000000000355e+02 3.824298707457667729e-02
5.590919999999999845e+01 9.568110000000000355e+02 3.824298707457667729e-02
6.000829999999999842e+01 9.568110000000000355e+02 3.824298707457667729e-02
6.410479999999999734e+01 9.568110000000000355e+02 3.824298707457667729e-02
6.819889999999999475e+01 9.568110000000000355e+02 3.824298707457667729e-02
7.229040000000000532e+01 9.568110000000000355e+02 3.824298707457667729e-02
7.637949999999999307e+01 9.568110000000000355e+02 3.824298707457667729e-02
8.046609999999999729e+01 9.568110000000000355e+02 3.824298707457667729e-02
8.455010000000000048e+01 9.568110000000000355e+02 3.824298707457667729e-02
8.863169999999999504e+01 9.568110000000000355e+02 3.824298707457667729e-02
9.271080000000000609e+01 9.568110000000000355e+02 3.824298707457667729e-02
9.678740000000000521e+01 9.568110000000000355e+02 3.824298707457667729e-02
1.008615999999999957e+02 9.568110000000000355e+02 3.824298707457667729e-02
1.049331999999999994e+02 9.568110000000000355e+02 3.824298707457667729e-02
1.090023999999999944e+02 9.568110000000000355e+02 3.824298707457667729e-02
1.130691000000000059e+02 9.568110000000000355e+02 3.824298707457667729e-02
1.171333000000000055e+02 9.568110000000000355e+02 3.824298707457667729e-02
1.211949999999999932e+02 9.568110000000000355e+02 3.824298707457667729e-02
1.252543000000000006e+02 9.568110000000000355e+02 3.824298707457667729e-02
1.293111000000000104e+02 9.568110000000000355e+02 3.824298707457667729e-02
1.333653999999999940e+02 9.568110000000000355e+02 3.824298707457667729e-02
1.374173000000000116e+02 9.568110000000000355e+02 3.824298707457667729e-02
1.414667000000000030e+02 9.568110000000000355e+02 3.824298707457667729e-02
1.455137000000000000e+02 9.568110000000000355e+02 3.824298707457667729e-02
1.495581999999999994e+02 9.568110000000000355e+02 3.824298707457667729e-02
1.536002000000000010e+02 9.568110000000000355e+02 3.824298707457667729e-02
1.576398000000000081e+02 9.568110000000000355e+02 3.824298707457667729e-02
1.616768999999999892e+02 9.568110000000000355e+02 3.824298707457667729e-02
1.657116000000000042e+02 9.568110000000000355e+02 3.824298707457667729e-02
1.697437999999999931e+02 9.568110000000000355e+02 3.824298707457667729e-02
1.737735999999999876e+02 9.568110000000000355e+02 3.824298707457667729e-02
1.778009000000000128e+02 9.568110000000000355e+02 3.824298707457667729e-02
1.818257999999999868e+02 1.074774000000000115e+03 3.782239155335486575e-02
1.858481999999999914e+02 1.232057999999999993e+03 3.685607008055883510e-02
1.898683000000000050e+02 1.415556000000000040e+03 3.621689900246835569e-02
1.938857999999999890e+02 1.658035499999999956e+03 3.412932510040137674e-02
1.979010000000000105e+02 1.959496499999999969e+03 3.193013869399220078e-02
2.019137000000000057e+02 2.228190000000000055e+03 3.081771654943555802e-02
2.059240000000000066e+02 2.634507000000000062e+03 2.911569059296648110e-02
2.099318000000000097e+02 3.021163500000000113e+03 2.741670942148759921e-02
2.139371999999999900e+02 3.473355000000000018e+03 2.619757295889965990e-02
2.179402000000000044e+02 4.043509499999999662e+03 2.468902883889616262e-02
2.219407999999999959e+02 4.698859499999999571e+03 2.317950610787045465e-02
2.259388999999999896e+02 5.386976999999999862e+03 2.187096807209379726e-02
2.299346999999999923e+02 6.284806499999999687e+03 1.999499188172189704e-02
2.339279999999999973e+02 7.064673000000000684e+03 1.902298707027380922e-02
2.379189000000000078e+02 7.916628000000000611e+03 1.815402179926100049e-02
2.419073999999999955e+02 8.781690000000000509e+03 1.751031954658465936e-02
2.458934999999999889e+02 9.476361000000000786e+03 1.699453719801441443e-02
2.498771000000000129e+02 1.029554849999999897e+04 1.631871798461412976e-02
2.538583999999999889e+02 1.108852199999999903e+04 1.562511921065381018e-02
2.578373000000000275e+02 1.171765799999999945e+04 1.529817238006522286e-02
2.618136999999999830e+02 1.212397500000000036e+04 1.515550199740089803e-02
2.657878000000000043e+02 1.260893399999999929e+04 1.473630739519180867e-02
2.697594000000000278e+02 1.269412950000000092e+04 1.476786644777085093e-02
2.737287000000000035e+02 1.274655750000000080e+04 1.476083580397901523e-02
2.776954999999999814e+02 1.296937650000000031e+04 1.458487938717125537e-02
2.816600000000000250e+02 1.314632099999999991e+04 1.457810674720209400e-02
2.856220999999999890e+02 1.329049800000000141e+04 1.427641288217148217e-02
2.895817999999999870e+02 1.338880050000000119e+04 1.450089343391188119e-02
2.935391000000000190e+02 1.346744249999999920e+04 1.447101176714709475e-02
2.974940000000000282e+02 1.344122850000000108e+04 1.450089343391188119e-02
3.014465000000000146e+02 1.360506600000000071e+04 1.441506904492943775e-02
3.053967000000000098e+02 1.370992200000000048e+04 1.439547890807069824e-02
3.093444000000000074e+02 1.369026150000000052e+04 1.438571374318792923e-02
3.132898000000000138e+02 1.381477799999999843e+04 1.431790953033317340e-02
3.172327999999999975e+02 1.396550849999999991e+04 1.423842679387759581e-02
3.211734999999999900e+02 1.405070399999999972e+04 1.420387126698570424e-02
3.251116999999999848e+02 1.418832749999999942e+04 1.413242433186983303e-02
3.290475999999999885e+02 1.404415049999999974e+04 1.418512852127986647e-02
3.329812000000000012e+02 1.424075549999999930e+04 1.410169495362575444e-02
3.369123000000000161e+02 1.445702099999999882e+04 1.400769271384142561e-02
3.408410999999999831e+02 1.449634200000000055e+04 1.395099929522661437e-02
3.447676000000000158e+02 1.450289550000000054e+04 1.392733346089217172e-02
3.486917000000000257e+02 1.454221649999999863e+04 1.396882805559425920e-02
3.526134000000000128e+02 1.461430500000000029e+04 1.396585184845371662e-02
3.565326999999999771e+02 1.466673300000000017e+04 1.396585184845371662e-02
3.604497000000000071e+02 1.479124949999999990e+04 1.389498871796336806e-02
3.643643999999999892e+02 1.472571450000000004e+04 1.390378765629191223e-02
3.682767000000000053e+02 1.477814249999999993e+04 1.385705210336386425e-02
3.721866999999999734e+02 1.485678450000000157e+04 1.387160630557262957e-02
3.760942999999999756e+02 1.495508699999999953e+04 1.383675296832151055e-02
3.799995000000000118e+02 1.494853349999999955e+04 1.385124323616107080e-02
3.839024000000000001e+02 1.506649649999999929e+04 1.378782409945023511e-02
3.878029999999999973e+02 1.508615699999999924e+04 1.375928375814586095e-02
3.917013000000000034e+02 1.505338949999999932e+04 1.380216103178307126e-02
3.955971999999999866e+02 1.520412000000000080e+04 1.375075615660892488e-02
3.994907000000000039e+02 1.519756649999999900e+04 1.374791714426182830e-02
4.033820000000000050e+02 1.528931550000000061e+04 1.369711374558093761e-02
4.072708999999999833e+02 1.534174350000000049e+04 1.367750841987542751e-02
4.111573999999999955e+02 1.533519000000000051e+04 1.366634310501874117e-02
4.150416999999999916e+02 1.528931550000000061e+04 1.366077069169634867e-02
4.189236000000000217e+02 1.538106449999999859e+04 1.365242483773028773e-02
4.228032000000000039e+02 1.539417150000000038e+04 1.366634310501874117e-02
4.266804000000000201e+02 1.555800900000000001e+04 1.360266892265181611e-02
4.305554000000000201e+02 1.555145550000000003e+04 1.358346579066965765e-02
4.344279999999999973e+02 1.558422299999999996e+04 1.359442904168006380e-02
4.382982999999999834e+02 1.574150699999999961e+04 1.352363842332791714e-02
4.421662999999999784e+02 1.557766949999999997e+04 1.358894409933790633e-02
4.460319999999999823e+02 1.577427449999999953e+04 1.350207820487699453e-02
4.498953999999999951e+02 1.574150699999999961e+04 1.348597554177768075e-02
4.537563999999999851e+02 1.573495349999999962e+04 1.349670424318954835e-02
4.576152000000000157e+02 1.582014899999999943e+04 1.348865531836484014e-02
4.614716000000000236e+02 1.583325600000000122e+04 1.348062077661054542e-02
4.653258000000000152e+02 1.578738149999999951e+04 1.350745859090639149e-02
4.691775999999999840e+02 1.590534449999999924e+04 1.345394230047949023e-02
4.730271000000000186e+02 1.593811199999999917e+04 1.344596959323091437e-02
4.768743999999999801e+02 1.594466549999999916e+04 1.344862558725054558e-02
4.807192999999999756e+02 1.593155850000000100e+04 1.344066232261040966e-02
4.845620000000000118e+02 1.598398650000000089e+04 1.341949591211842076e-02
4.884023000000000252e+02 1.604952150000000074e+04 1.341421991588063849e-02
4.922404000000000224e+02 1.616748450000000048e+04 1.334359761812223266e-02
4.960761999999999716e+02 1.609539600000000064e+04 1.339055470500871529e-02
4.999096999999999866e+02 1.621991250000000036e+04 1.334359761812223266e-02
5.037409000000000106e+02 1.623301950000000033e+04 1.332288577386680009e-02
5.075697999999999865e+02 1.641651750000000175e+04 1.324352884558594248e-02
5.113964000000000283e+02 1.638375000000000000e+04 1.328174978752632955e-02
5.152208000000000538e+02 1.650826650000000154e+04 1.323086167019042747e-02
5.190429000000000315e+02 1.661312250000000131e+04 1.317805368694707595e-02
5.228627000000000180e+02 1.666555050000000119e+04 1.313824074494494322e-02
5.266802000000000135e+02 1.674419250000000102e+04 1.312340365297858143e-02
5.304954999999999927e+02 1.670487150000000111e+04 1.314071848956762170e-02
5.343084999999999809e+02 1.685560199999999895e+04 1.309387964785624706e-02
5.381191999999999780e+02 1.679662049999999726e+04 1.310615708107188727e-02
5.419275999999999840e+02 1.682938799999999901e+04 1.311107773342512495e-02
5.457337999999999738e+02 1.718983050000000003e+04 1.297535867170515438e-02
5.495376999999999725e+02 1.705876049999999668e+04 1.302093267554484124e-02
5.533393999999999551e+02 1.709152799999999843e+04 1.301852206131044049e-02
5.571387999999999465e+02 1.723570500000000175e+04 1.296344483329935938e-02
5.609358999999999469e+02 1.734056100000000151e+04 1.291376268291166869e-02
5.647308000000000447e+02 1.718983050000000003e+04 1.297774538352000628e-02
5.685234000000000378e+02 1.726191900000000169e+04 1.293498498594349184e-02
5.723138000000000147e+02 1.728813299999999799e+04 1.294682045825757376e-02
5.761019000000000005e+02 1.711774199999999837e+04 1.300408643824785271e-02
5.798877999999999702e+02 1.724881199999999808e+04 1.295631226338757498e-02
5.836713999999999487e+02 1.726191900000000169e+04 1.293025987711516646e-02
5.874528000000000247e+02 1.712429550000000017e+04 1.292553994270818733e-02
5.912318999999999960e+02 1.715706299999999828e+04 1.298491342901740217e-02
5.950087999999999511e+02 1.724881199999999808e+04 1.293971527865452921e-02
5.987835000000000036e+02 1.718983050000000003e+04 1.296820642935829840e-02
6.025558999999999514e+02 1.748473799999999756e+04 1.287162957653164956e-02
6.063260999999999967e+02 1.741264949999999953e+04 1.290436401886973020e-02
6.100940000000000509e+02 1.734711449999999968e+04 1.291376268291166869e-02
6.138596999999999753e+02 1.749784500000000116e+04 1.286232254019069321e-02
6.176231999999999971e+02 1.766823600000000079e+04 1.280002372409795759e-02
6.213845000000000027e+02 1.751750549999999930e+04 1.285535549668582848e-02
6.251435000000000173e+02 1.744541700000000128e+04 1.287862312748314260e-02
6.289003000000000156e+02 1.760270100000000093e+04 1.283683192006586371e-02
6.326548000000000229e+02 1.759614750000000276e+04 1.283452209873901274e-02
6.364071999999999889e+02 1.762891500000000087e+04 1.282299166599297317e-02
6.401572999999999638e+02 1.757648700000000099e+04 1.284376887378485023e-02
6.439052000000000362e+02 1.781241300000000047e+04 1.276807496111174306e-02
6.476508999999999787e+02 1.757648700000000099e+04 1.284376887378485023e-02
6.513944000000000187e+02 1.775998500000000058e+04 1.277945775285368145e-02
6.551355999999999540e+02 1.786484100000000035e+04 1.273636424167830759e-02
6.588746999999999616e+02 1.785173399999999674e+04 1.268032082871903277e-02
6.626114999999999782e+02 1.796314350000000195e+04 1.270264928557671147e-02
6.663461999999999534e+02 1.794348300000000017e+04 1.271385783737856087e-02
6.700786000000000513e+02 1.799591100000000006e+04 1.261842210077606871e-02
6.738088000000000193e+02 1.798935750000000189e+04 1.269817415798122490e-02
6.775367999999999711e+02 1.807455299999999988e+04 1.266698014030301182e-02
6.812626000000000204e+02 1.812042750000000160e+04 1.264483892403979459e-02
6.849862000000000535e+02 1.833013950000000114e+04 1.257910547451009456e-02
6.887075999999999567e+02 1.823183699999999953e+04 1.261184372404913767e-02
6.924269000000000460e+02 1.844810249999999724e+04 1.254662085763678242e-02
6.961439000000000306e+02 1.839567450000000099e+04 1.256391462305758537e-02
6.998586999999999989e+02 1.838256750000000102e+04 1.255525880761534409e-02
7.035712999999999511e+02 1.822528350000000137e+04 1.260527562514483085e-02
7.072817999999999756e+02 1.824494399999999951e+04 1.259217015396136771e-02
7.109900999999999840e+02 1.838912100000000282e+04 1.256174899094237435e-02
7.146961000000000013e+02 1.832358599999999933e+04 1.257910547451009456e-02
7.183999999999999773e+02 1.821217649999999776e+04 1.262061718161389470e-02
7.221017000000000507e+02 1.825805099999999948e+04 1.259217015396136771e-02
7.258011999999999944e+02 1.830392550000000119e+04 1.258128009730696308e-02
7.294986000000000104e+02 1.847431649999999718e+04 1.251438661531090353e-02
7.331938000000000102e+02 1.838256750000000102e+04 1.256391462305758537e-02
7.368867999999999938e+02 1.846120950000000084e+04 1.251438661531090353e-02
7.405775999999999613e+02 1.850708399999999892e+04 1.251438661531090353e-02
7.442662000000000262e+02 1.837601399999999921e+04 1.247603151759601667e-02
7.479527000000000498e+02 1.843499550000000090e+04 1.253584845000314286e-02
7.516369999999999436e+02 1.862504700000000230e+04 1.247179157473182580e-02
7.553191000000000486e+02 1.853329799999999886e+04 1.250583269317999402e-02
7.589990999999999985e+02 1.855295850000000064e+04 1.249090544276622826e-02
7.626769000000000460e+02 1.869058200000000215e+04 1.245698574554492122e-02
7.663526000000000522e+02 1.843499550000000090e+04 1.253584845000314286e-02
7.700261000000000422e+02 1.862504700000000230e+04 1.247179157473182580e-02
7.736974000000000160e+02 1.867092150000000038e+04 1.245698574554492122e-02
7.773665999999999485e+02 1.863160050000000047e+04 1.246967322370597271e-02
7.810335999999999785e+02 1.876922399999999834e+04 1.242962853460361471e-02
7.846984999999999673e+02 1.876922399999999834e+04 1.243592573767647765e-02
7.883612000000000535e+02 1.892650800000000163e+04 1.237545051612452297e-02
7.920217000000000098e+02 1.881509850000000006e+04 1.240662036782007836e-02
7.956801000000000386e+02 1.907723850000000311e+04 1.232810974187581107e-02
7.993364000000000260e+02 3.264225328459724551e+01 1.232810974187581107e-02
8.029904999999999973e+02 -5.496311899243664811e+01 1.236098475955423742e-02
8.066425000000000409e+02 1.471549940673867241e+01 1.233630390013638368e-02
8.102922999999999547e+02 6.473378471431351500e+01 1.231380917062051793e-02
8.139400000000000546e+02 1.213059131477566552e+02 1.230769557032446344e-02
8.175855999999999995e+02 2.059456089914237964e+01 1.234040711125937440e-02
8.212290000000000418e+02 -4.079509586247513653e+01 1.235892236114836604e-02
8.248703000000000429e+02 1.206351189917149895e+02 1.229346584073493995e-02
8.285094000000000278e+02 9.201488153956233873e+01 1.231380917062051793e-02
8.321464999999999463e+02 1.354843678038341750e+02 1.229955825004956822e-02
8.357812999999999874e+02 4.788525375459721545e+01 1.233220477927221732e-02
8.394140999999999622e+02 -5.281928472769504879e+01 1.235892236114836604e-02
8.430447000000000344e+02 2.342242813712437055e+01 1.233425382884676021e-02
8.466731999999999516e+02 1.520940680247513228e+02 1.229955825004956822e-02
8.502996000000000549e+02 9.071631050226642401e+01 1.230362489200233223e-02
8.539239000000000033e+02 1.800713310305327468e+02 1.228940926057475735e-02
8.575460000000000491e+02 2.432148049665811413e+02 1.226918642432850426e-02
8.611660000000000537e+02 1.163094075660228555e+02 1.229549563779999515e-02
8.647839999999999918e+02 1.270303139657808060e+02 1.229955825004956822e-02
8.683997000000000526e+02 1.639681991864599695e+02 1.228535669351961228e-02
8.720134000000000469e+02 1.615882381347546470e+02 1.217348770142453671e-02
8.756250000000000000e+02 1.526581056058166723e+02 1.229143704860284105e-02
8.792344000000000506e+02 2.420339762790681561e+02 1.226515382391577154e-02
8.828418000000000347e+02 6.272002471406085533e+01 1.231584906281882850e-02
8.864470000000000027e+02 -5.180574647183675552e+00 1.232606375236012554e-02
8.900502000000000180e+02 -3.375614749089436373e+01 1.233220477927221732e-02
8.936512000000000171e+02 1.342774803577231069e+02 1.229346584073493995e-02
8.972500999999999749e+02 9.915698293026071042e+01 1.229955825004956822e-02
9.008469000000000051e+02 -8.047465882493270328e+00 1.232606375236012554e-02
9.044416999999999689e+02 8.135780767177493544e+01 1.230973242521144796e-02
9.080343000000000302e+02 9.867947720266965916e+01 1.224505029651292223e-02
9.116248000000000502e+02 1.684342161794884305e+02 1.227928535304824778e-02
9.152133000000000038e+02 1.792126979007261980e+02 1.227726357228982323e-02
9.187996000000000549e+02 3.603875954833638389e+02 1.221308926243973823e-02
9.223839000000000397e+02 4.039445818258318468e+02 1.221109999794858444e-02
9.259660000000000082e+02 3.033303295186233299e+02 1.224505029651292223e-02
9.295461000000000240e+02 4.189875108400265162e+02 1.220315264923953029e-02
9.331240999999999985e+02 3.249387977387996216e+02 1.223303552636231112e-02
9.367000000000000455e+02 4.012873618102530600e+02 1.221109999794858444e-02
9.402739000000000260e+02 3.006978742658830015e+02 1.217940338381860547e-02
9.438455999999999904e+02 3.770595059224433498e+02 1.221906289413096473e-02
9.474153000000000020e+02 4.403209271976811578e+02 1.219918478938850255e-02
9.509828999999999724e+02 4.446078081060804834e+02 1.219522079747576218e-02
9.545484000000000151e+02 4.095808182545624732e+02 1.220315264923953029e-02
9.581118000000000166e+02 5.580591268382049748e+02 1.215971789594947131e-02
9.616731999999999516e+02 3.919769026162903174e+02 1.220911170517338315e-02
9.652324999999999591e+02 4.683818139079885441e+02 1.218137719525427126e-02
9.687897000000000389e+02 4.989200285618608177e+02 1.218137719525427126e-02
9.723449000000000524e+02 5.425732139252904744e+02 1.214991087935609476e-02
9.758979000000000497e+02 5.862345368008864170e+02 1.214795232193555986e-02
9.794489999999999554e+02 6.036901634421155904e+02 1.214208232771897891e-02
9.829978999999999587e+02 5.949402595555511652e+02 1.214599471136416226e-02
9.865448000000000093e+02 6.910549903030441783e+02 1.211091876698926727e-02
9.900896999999999935e+02 6.692155203039510525e+02 1.211480109398977052e-02
9.936323999999999614e+02 7.456875136372691486e+02 1.209156296307870547e-02
9.971731999999999516e+02 6.714381338438870443e+02 1.211480109398977052e-02
1.000711800000000039e+03 5.644305439286981709e+02 1.214795232193555986e-02
1.004248399999999947e+03 6.212699063693326025e+02 1.213622083458101679e-02
1.007783000000000015e+03 5.994768831183173461e+02 1.213426888911852027e-02
1.011315500000000043e+03 4.466236356051958865e+02 1.218532769874559364e-02
1.014846000000000004e+03 5.100458246993548528e+02 1.216364735732072822e-02
1.018374400000000037e+03 2.785706107121477544e+02 1.223503553218395837e-02
1.021900800000000004e+03 4.927436533990185126e+02 1.217151772201177998e-02
1.025425099999999929e+03 4.578941119615956268e+02 1.217940338381860547e-02
1.028947400000000016e+03 3.968411450497878832e+02 1.219522079747576218e-02
1.032467599999999948e+03 4.078874107638766873e+02 1.219126066722116958e-02
1.035985799999999927e+03 4.713725666565696883e+02 1.216954869866766417e-02
1.039501999999999953e+03 3.710312697350746021e+02 1.219522079747576218e-02
1.043016100000000051e+03 5.393946764631509723e+02 1.215579224035210487e-02
1.046528199999999970e+03 3.604339428090061119e+02 1.220315264923953029e-02
1.050038199999999961e+03 6.598902242473523074e+02 1.211285946386367329e-02
1.053546199999999999e+03 6.447901757679428556e+02 1.211868715699075671e-02
1.057052200000000084e+03 7.017904518710420234e+02 1.208384658516259251e-02
1.060556199999999990e+03 5.621977065235296322e+02 1.214208232771897891e-02
1.064058099999999968e+03 5.864545931543434563e+02 1.212841869887613597e-02
1.067557999999999993e+03 5.845097646498725226e+02 1.213036782202232648e-02
1.071055900000000065e+03 5.301493733362585772e+02 1.214403804687923596e-02
1.074551799999999957e+03 3.840525709551402542e+02 1.218928204825703646e-02
1.078045599999999922e+03 5.328760086655747727e+02 1.213622083458101679e-02
1.081537499999999909e+03 4.654468370393951773e+02 1.215971789594947131e-02
1.085027299999999968e+03 5.815287060172886413e+02 1.212257696198805294e-02
1.088515100000000075e+03 6.583027648975403281e+02 1.210897900261917633e-02
1.092000800000000027e+03 6.695551623379324155e+02 1.210316529707355579e-02
1.095484600000000000e+03 6.349465463379747234e+02 1.210704017000685702e-02
1.098966300000000047e+03 8.952590642276009021e+02 1.203785651693370373e-02
1.102446099999999888e+03 7.492683626690377423e+02 1.207999393192098897e-02
1.105923800000000028e+03 7.409150876520616293e+02 1.207999393192098897e-02
1.109399499999999989e+03 9.553948844237347657e+02 1.202074512730745039e-02
1.112873199999999997e+03 9.732838974836740817e+02 1.200181778896117907e-02
1.116345000000000027e+03 8.535637705071676464e+02 1.204357657262212188e-02
1.119814699999999903e+03 9.370166463469759037e+02 1.201884836277851594e-02
1.123282400000000052e+03 9.156281670350508648e+02 1.202644081354380633e-02
1.126748100000000022e+03 6.583284737843205221e+02 1.209542669954513129e-02
1.130211800000000039e+03 9.122167069903553056e+02 1.202264279013832808e-02
1.133673500000000104e+03 9.170870062265930756e+02 1.202074512730745039e-02
1.137133199999999988e+03 8.171165102394079440e+02 1.205504118880460114e-02
1.140590999999999894e+03 8.220173569301950920e+02 1.205312814567761556e-02
1.144046700000000101e+03 8.072731833570069284e+02 1.204357657262212188e-02
1.147500399999999900e+03 7.532236256969299575e+02 1.207422185517259550e-02
1.150952199999999948e+03 6.402083192214558949e+02 1.210316529707355579e-02
1.154402000000000044e+03 7.303673982981454174e+02 1.207806898665629049e-02
1.157849699999999984e+03 7.943284963921978488e+02 1.205504118880460114e-02
1.161295499999999947e+03 8.714127460680538206e+02 1.197171913897168705e-02
1.164739399999999932e+03 9.091922789909913263e+02 1.200937798989294009e-02
1.168181199999999990e+03 1.130486225922082667e+03 1.195862199760087258e-02
1.171621000000000095e+03 1.161745216713243281e+03 1.194370634228253923e-02
1.175058899999999994e+03 1.166806880256266595e+03 1.193255615499841556e-02
1.178494799999999941e+03 9.556198444712608762e+02 1.200370650056134525e-02
1.181928699999999935e+03 1.013143236295025417e+03 1.189377501408053067e-02
1.185360699999999952e+03 1.116558181649776088e+03 1.196049038633152997e-02
1.188790700000000015e+03 1.213436805352841475e+03 1.193255615499841556e-02
1.192218699999999899e+03 1.277565231104978011e+03 1.191219499571341718e-02
1.195644700000000057e+03 1.164766581491821853e+03 1.193812734329743885e-02
1.199068800000000010e+03 9.602364779787203588e+02 1.200370650056134525e-02
1.202490900000000011e+03 9.719895408793818206e+02 1.200181778896117907e-02
1.205911000000000058e+03 1.154151389350663521e+03 1.194370634228253923e-02
1.209329199999999901e+03 1.093851641393954196e+03 1.196049038633152997e-02
1.212745400000000018e+03 1.203960913849921781e+03 1.192884635974165129e-02
1.216159699999999930e+03 1.104376322353993601e+03 1.195302208064778077e-02
1.219571999999999889e+03 1.312824481337633188e+03 1.189010126109278989e-02
1.222982299999999896e+03 1.390221003964081319e+03 1.187361139857010667e-02
1.226390699999999924e+03 1.526617502083754516e+03 1.182997163782161833e-02
1.229797100000000000e+03 1.617158086156861827e+03 1.180293990555525592e-02
1.233201600000000099e+03 1.556986865117007255e+03 1.181913667450010946e-02
1.236604100000000017e+03 1.765527946339621849e+03 1.176896424864558484e-02
1.240004699999999957e+03 1.751268935584183055e+03 1.176718417387950105e-02
1.243403299999999945e+03 1.822224436975691788e+03 1.173881238051894572e-02
1.246799899999999980e+03 1.755575552927235549e+03 1.176540490658666872e-02
1.250194700000000012e+03 1.728266884141081391e+03 1.177430932389593454e-02
1.253587500000000091e+03 1.792726529596697219e+03 1.175652066088374650e-02
1.256978299999999990e+03 1.824438086545276747e+03 1.173704595023575097e-02
1.260367199999999912e+03 1.725099150510832260e+03 1.177430932389593454e-02
1.263754200000000083e+03 1.717528815271576605e+03 1.177252682304189522e-02
1.267139200000000073e+03 1.624782672854413249e+03 1.179576268390917365e-02
1.270522300000000087e+03 1.702447313529406529e+03 1.177966168843810890e-02
1.273903399999999920e+03 1.865327325784539426e+03 1.173881238051894572e-02
1.277282600000000002e+03 1.674338296320140216e+03 1.178680954206215784e-02
1.280659900000000107e+03 1.778276810023653525e+03 1.176007194344801977e-02
1.284035300000000007e+03 1.875681949970567075e+03 1.173351548062655583e-02
1.287408699999999953e+03 1.966553797418775503e+03 1.170538594545110674e-02
1.290780199999999923e+03 2.083659931763606437e+03 1.167745775547436755e-02
1.294149799999999914e+03 1.866557930538685468e+03 1.173351548062655583e-02
1.297517399999999952e+03 2.082007369416820438e+03 1.166356841632720624e-02
1.300883100000000013e+03 2.133639822204258962e+03 1.164627623718659209e-02
1.304246900000000096e+03 2.014901860841520829e+03 1.168093785024853538e-02
1.307608799999999974e+03 1.968273055404170009e+03 1.169838511591011349e-02
1.310968800000000101e+03 1.784041474097073660e+03 1.175297259360485146e-02
1.314326800000000048e+03 1.927505683242015948e+03 1.170713811759555890e-02
1.317682900000000018e+03 1.880939247239119140e+03 1.172470322592447482e-02
1.321037100000000009e+03 1.755751728560993797e+03 1.175474622563692229e-02
1.324389400000000023e+03 1.807529687720681977e+03 1.173351548062655583e-02
1.327739800000000059e+03 1.970738183265777479e+03 1.169663687034764969e-02
1.331088299999999890e+03 1.832506771772485081e+03 1.171942539391006809e-02
1.334434799999999996e+03 1.740171007846271095e+03 1.175297259360485146e-02
1.337779500000000098e+03 1.916549944083166338e+03 1.171064482371511790e-02
1.341122200000000021e+03 2.033968631070303672e+03 1.167571887410735060e-02
1.344463099999999940e+03 2.026892117386556492e+03 1.167571887410735060e-02
1.347801999999999907e+03 2.229548949583364447e+03 1.162391096193664437e-02
1.351139100000000099e+03 2.104552172178744513e+03 1.165145581326528998e-02
1.354474200000000110e+03 2.333465827585674560e+03 1.159485754793031752e-02
1.357807399999999916e+03 2.234725956007732748e+03 1.162219588838073192e-02
1.361138799999999947e+03 2.214649595432983915e+03 1.163077885675265627e-02
1.364468200000000024e+03 2.358432281634446554e+03 1.158295753704847997e-02
1.367795800000000099e+03 2.358059548170494963e+03 1.159145380279667271e-02
1.371121399999999994e+03 2.213531426385263330e+03 1.162562679499078155e-02
1.374445200000000114e+03 2.206648445408980479e+03 1.163077885675265627e-02
1.377767000000000053e+03 2.337410632145256386e+03 1.159656054530278785e-02
1.381086999999999989e+03 2.225715011271389812e+03 1.161876801752357961e-02
1.384405099999999948e+03 2.212343605232137634e+03 1.162906074183719420e-02
1.387721299999999928e+03 2.212100934220314230e+03 1.163249773341270762e-02
1.391035599999999931e+03 2.251201016144328605e+03 1.161705521910378833e-02
1.394348099999999931e+03 2.146145866582533927e+03 1.164800199495515109e-02
1.397658599999999979e+03 2.408108498776862689e+03 1.156940228660352336e-02
1.400967300000000023e+03 2.283436423613402440e+03 1.160508680227796512e-02
1.404274100000000089e+03 2.532335649622556957e+03 1.153236933107875187e-02
1.407578999999999951e+03 2.401153682933327218e+03 1.157956425807218047e-02
1.410882000000000062e+03 2.519026527266905759e+03 1.154579467826858698e-02
1.414183199999999943e+03 2.669688683936794405e+03 1.150399526990342203e-02
1.417482500000000073e+03 2.676195651848858688e+03 1.150898724031406556e-02
1.420779899999999998e+03 2.774473427501437982e+03 1.148574679811215950e-02
1.424075499999999920e+03 2.531991004985353356e+03 1.154579467826858698e-02
1.427369099999999889e+03 2.538563375983969308e+03 1.153739834621613815e-02
1.430660900000000083e+03 2.571371529773176007e+03 1.153236933107875187e-02
1.433950900000000047e+03 2.577987453221383475e+03 1.153404493869109211e-02
1.437239000000000033e+03 2.584625130789470859e+03 1.147748069643105689e-02
1.440525200000000041e+03 2.407786544530736137e+03 1.156771122435863546e-02
1.443809500000000071e+03 2.244076674090789311e+03 1.162391096193664437e-02
1.447092000000000098e+03 2.290100496714017936e+03 1.161021159246031220e-02
1.450372599999999920e+03 2.165754987341770175e+03 1.164282702158090342e-02
1.453651399999999967e+03 2.303571118612173450e+03 1.160850257477350107e-02
1.456928300000000036e+03 2.257910860859999957e+03 1.161534317794511544e-02
1.460203400000000101e+03 2.153290682116436074e+03 1.164282702158090342e-02
1.463476599999999962e+03 2.107673548108883551e+03 1.166010381847375037e-02
1.466747900000000072e+03 2.239022422260728490e+03 1.162219588838073192e-02
1.470017399999999952e+03 2.252429765691085777e+03 1.161876801752357961e-02
1.473285000000000082e+03 2.219984037214508135e+03 1.162562679499078155e-02
1.476550799999999981e+03 2.253094693340695812e+03 1.161192136518034677e-02
1.479814800000000105e+03 2.515599188287262223e+03 1.155084128505649496e-02
1.483076900000000023e+03 2.430789473979410104e+03 1.157278663720585563e-02
1.486337099999999964e+03 2.398429000049571187e+03 1.157447992664899575e-02
1.489595499999999902e+03 2.503713213843559060e+03 1.155084128505649496e-02
1.492852100000000064e+03 2.523823060420188995e+03 1.154579467826858698e-02
1.496106800000000021e+03 2.445651482570498047e+03 1.156771122435863546e-02
1.499359699999999975e+03 2.321626420804179361e+03 1.159315530061175159e-02
1.502610799999999927e+03 2.413887813349094358e+03 1.157447992664899575e-02
1.505859999999999900e+03 2.270244096150814585e+03 1.161021159246031220e-02
1.509107400000000098e+03 2.362547202865545842e+03 1.157786873653763801e-02
1.512352900000000091e+03 2.291033564826848306e+03 1.160508680227796512e-02
1.515596600000000080e+03 2.186773111018810596e+03 1.163765893949380431e-02
1.518838500000000067e+03 2.128407768062417745e+03 1.165145581326528998e-02
1.522078600000000051e+03 2.253560960214934312e+03 1.161363189348972071e-02
1.525316800000000057e+03 2.286985609369290614e+03 1.160850257477350107e-02
1.528553200000000061e+03 2.182807135053444654e+03 1.163421737238040134e-02
1.531787700000000086e+03 2.235932954429714300e+03 1.162219588838073192e-02
1.535020500000000084e+03 2.354613982294140442e+03 1.158975305393522733e-02
1.538251400000000103e+03 2.466761631088847935e+03 1.155926702203295686e-02
1.541480499999999893e+03 2.487180310901378107e+03 1.155926702203295686e-02
1.544707799999999907e+03 2.474851429522885155e+03 1.155926702203295686e-02
1.547933199999999943e+03 2.475649392447408900e+03 1.154915834758343460e-02
1.551156899999999951e+03 2.607537102877624420e+03 1.152400223331391353e-02
1.554378699999999981e+03 2.431429961737168924e+03 1.156433132327133739e-02
1.557598700000000008e+03 2.432286867669827188e+03 1.156602090342839263e-02
1.560816900000000032e+03 2.433163217038691073e+03 1.156095438311369530e-02
1.564033300000000054e+03 2.191579403925305087e+03 1.162906074183719420e-02
1.567247800000000097e+03 2.284243320168090577e+03 1.161192136518034677e-02
1.570460600000000113e+03 2.193428355361476861e+03 1.162734338810386507e-02
1.573671599999999899e+03 2.174720896907401766e+03 1.163077885675265627e-02
1.576880699999999933e+03 2.195353330014371750e+03 1.162734338810386507e-02
1.580087999999999965e+03 1.993185537696503161e+03 1.168267906481440695e-02
1.583293599999999969e+03 1.994194900792248518e+03 1.168790738419217892e-02
1.586497299999999996e+03 1.883813298048560682e+03 1.171239935886972741e-02
1.589699200000000019e+03 1.845538606172322034e+03 1.171415468287491726e-02
1.592899400000000014e+03 1.872817199875204096e+03 1.171766769980285908e-02
1.596097700000000032e+03 1.801811451872588805e+03 1.173704595023575097e-02
1.599294200000000046e+03 1.809465732993972779e+03 1.173351548062655583e-02
1.602488900000000058e+03 1.849905412188363698e+03 1.171942539391006809e-02
1.605681900000000041e+03 1.824827856529795099e+03 1.172998819496722835e-02
1.608873000000000047e+03 2.101228931242392719e+03 1.165837267692780392e-02
1.612062400000000025e+03 2.049972499699226319e+03 1.167224344052117044e-02
1.615249900000000025e+03 1.854556423421181535e+03 1.171064482371511790e-02
1.618435699999999997e+03 1.888530062102003285e+03 1.171415468287491726e-02
1.621619699999999966e+03 1.830771773607088107e+03 1.172294315637677740e-02
1.624801899999999932e+03 1.805797913985399646e+03 1.173351548062655583e-02
1.627982299999999896e+03 1.780840837474799628e+03 1.174234763504285704e-02
1.631160900000000083e+03 1.552741896507337515e+03 1.173351548062655583e-02
1.634337700000000041e+03 1.560585441734245251e+03 1.180473625894904594e-02
1.637512799999999970e+03 1.430821822247464297e+03 1.183178036371519866e-02
1.640686099999999897e+03 1.425590885584912030e+03 1.184083645410627557e-02
1.643857600000000048e+03 1.479357477807796386e+03 1.182635667314200882e-02
1.647027299999999968e+03 1.244785943545197370e+03 1.189561316802305313e-02
1.650195200000000114e+03 1.351012125999259297e+03 1.186995629261969679e-02
1.653361400000000003e+03 1.286862866956955259e+03 1.187544021820337477e-02
1.656525799999999890e+03 1.104766006795271096e+03 1.193070082479129150e-02
1.659688400000000001e+03 1.211038384519124520e+03 1.190666001748737213e-02
1.662849200000000110e+03 1.074846337760005554e+03 1.194556774747459332e-02
1.666008299999999963e+03 1.423628202787615010e+03 1.184809631772770940e-02
1.669165600000000040e+03 1.248144814508475974e+03 1.189561316802305313e-02
1.672321200000000090e+03 1.302048506471008295e+03 1.187726988314269719e-02
1.675474899999999934e+03 1.421501610870640434e+03 1.184809631772770940e-02
1.678626899999999978e+03 1.311596458594209253e+03 1.188276395631439331e-02
1.681777199999999993e+03 1.385203379225014942e+03 1.185901119458663243e-02
1.684925600000000031e+03 1.360521701047880924e+03 1.186813000500328528e-02
1.688072400000000016e+03 1.407942251047610625e+03 1.185173126069334268e-02
1.691217300000000023e+03 1.376734354920576152e+03 1.186083327513738454e-02
1.694360500000000002e+03 1.417628337099387863e+03 1.184991337108057957e-02
1.697501999999999953e+03 1.294698020751340664e+03 1.187726988314269719e-02
1.700641599999999926e+03 1.270083227776824060e+03 1.189377501408053067e-02
1.703779600000000073e+03 1.114411278807754570e+03 1.193255615499841556e-02
1.706915700000000015e+03 1.096375493212508445e+03 1.193812734329743885e-02
1.710050199999999904e+03 1.019370689245046378e+03 1.195302208064778077e-02
1.713182800000000043e+03 9.751456840629725775e+02 1.197922256756104621e-02
1.716313699999999926e+03 8.129697938045064802e+02 1.202454135198042541e-02
1.719442900000000009e+03 8.343038336327335855e+02 1.201695249584302030e-02
1.722570300000000088e+03 8.556496178584529844e+02 1.200937798989294009e-02
1.725695999999999913e+03 7.787044599450637179e+02 1.203404767123895068e-02
1.728819899999999961e+03 7.869661725068435771e+02 1.202454135198042541e-02
1.731942099999999982e+03 8.214530673073131766e+02 1.202074512730745039e-02
1.735062599999999975e+03 7.773089552574710979e+02 1.203785651693370373e-02
1.738181299999999965e+03 8.445851464272200246e+02 1.201505752579326049e-02
1.741298199999999952e+03 8.201229500436093076e+02 1.202834117553932061e-02
1.744413500000000113e+03 8.612061745087921736e+02 1.201316345192230198e-02
1.747526900000000069e+03 7.974436273982391867e+02 1.203214460367407410e-02
1.750638699999999972e+03 8.647611154655387509e+02 1.201127027352398222e-02
1.753748700000000099e+03 8.993209446668406599e+02 1.199427184807753954e-02
1.756856999999999971e+03 7.307319201590580633e+02 1.204739447621227741e-02
1.759963500000000067e+03 9.422553463046533579e+02 1.199615699887080292e-02
1.763068400000000111e+03 7.736850266763940454e+02 1.204166898148437484e-02
1.766171499999999924e+03 7.755147640751674771e+02 1.204357657262212188e-02
1.769272799999999961e+03 6.528368605281866621e+02 1.207806898665629049e-02
1.772372399999999971e+03 6.219166173264820827e+02 1.207614496131765441e-02
1.775470299999999952e+03 4.664883351082680747e+02 1.213036782202232648e-02
1.778566499999999905e+03 4.486918138898035977e+02 1.213036782202232648e-02
1.781661000000000058e+03 3.915823532208851248e+02 1.215971789594947131e-02
1.784753699999999981e+03 4.065692522026220104e+02 1.213622083458101679e-02
1.787844700000000103e+03 3.429218095052092394e+02 1.217545863767988817e-02
1.790933999999999969e+03 3.186028233660472324e+02 1.217743053155267638e-02
1.794021600000000035e+03 3.598260915878745436e+02 1.216758063061910804e-02
1.797107500000000073e+03 1.782374115368875209e+02 1.221906289413096473e-02
1.800191600000000108e+03 4.029725801407985273e+02 1.215579224035210487e-02
1.803273999999999887e+03 3.917883938869490521e+02 1.215579224035210487e-02
1.806354700000000093e+03 3.216291488334791211e+02 1.216954869866766417e-02
1.809433700000000044e+03 4.480811406140055624e+02 1.213817372232952989e-02
1.812510999999999967e+03 4.303621644356571778e+02 1.213622083458101679e-02
1.815586600000000089e+03 6.289145150836775429e+02 1.207999393192098897e-02
1.818660499999999956e+03 6.505279869326150219e+02 1.207037839753736380e-02
1.821732600000000048e+03 5.607373739443864906e+02 1.210316529707355579e-02
1.824803100000000086e+03 6.478964696662915230e+02 1.207806898665629049e-02
1.827871799999999894e+03 6.629720672290968650e+02 1.208191979784504870e-02
1.830938900000000103e+03 4.486799593450268731e+02 1.214599471136416226e-02
1.834004200000000083e+03 4.244439383058452222e+02 1.215383083779954763e-02
1.837067900000000009e+03 5.771567959808198793e+02 1.210510226840660723e-02
1.840129799999999932e+03 4.087523238278845383e+02 1.215775459281308833e-02
1.843190100000000029e+03 3.910823128982156049e+02 1.215971789594947131e-02
1.846248599999999897e+03 4.061835538342420477e+02 1.215775459281308833e-02
1.849305399999999963e+03 1.001668368741957238e+02 1.224906309370290235e-02
1.852360599999999977e+03 1.742564518632316322e+02 1.223103650101579204e-02
1.855414099999999962e+03 9.106518847428742447e+01 1.225911237186681595e-02
1.858465799999999945e+03 -4.455116373499186011e+01 1.229346584073493995e-02
1.861515900000000101e+03 8.852868468887390918e+01 1.226112519716103869e-02
1.864564300000000003e+03 7.743402310628152918e+01 1.223903848846059905e-02
1.867611000000000104e+03 1.391364078911647084e+01 1.228130813295704241e-02
1.870655999999999949e+03 2.823326925274159294e+00 1.228130813295704241e-02
1.873699299999999994e+03 1.293583706231947872e+02 1.223903848846059905e-02
1.876740900000000011e+03 5.929006093606585637e+01 1.226918642432850426e-02
1.879780899999999974e+03 9.407918686636548955e+01 1.225911237186681595e-02
1.882819099999999935e+03 1.746003739662046428e+01 1.228130813295704241e-02
1.885855700000000070e+03 -3.294409850609736168e+01 1.230362489200233223e-02
1.888890599999999949e+03 1.848068114399211481e+00 1.228940926057475735e-02
1.891923800000000028e+03 -2.234067360931294388e+01 1.229955825004956822e-02
1.894955400000000054e+03 6.488048324997362215e+01 1.226918642432850426e-02
1.897985200000000077e+03 -6.416363860914498218e+01 1.230362489200233223e-02
1.901013400000000047e+03 1.908379200000000128e+04 1.229752644062791569e-02
1.904039999999999964e+03 1.900514999999999782e+04 1.231788996913208735e-02
1.907064800000000105e+03 1.890684749999999985e+04 1.233835499399046562e-02
1.910087999999999965e+03 1.887407999999999811e+04 1.235892236114836604e-02
1.913109500000000025e+03 1.865126100000000224e+04 1.241915442089155767e-02
1.916129300000000057e+03 1.873645650000000023e+04 1.240870674139369668e-02
1.919147400000000061e+03 1.868402850000000035e+04 1.241915442089155767e-02
1.922163900000000012e+03 1.850053050000000076e+04 1.247815311127135028e-02
1.925178799999999910e+03 1.849397699999999895e+04 1.248452439231518239e-02
1.928191900000000032e+03 1.838912100000000282e+04 1.251652783983086062e-02
1.931203400000000101e+03 1.841533500000000276e+04 1.250583269317999402e-02
1.934213199999999915e+03 1.831703250000000116e+04 1.253369729624212794e-02
1.937221399999999903e+03 1.836946050000000105e+04 1.251010746093197436e-02
1.940227900000000091e+03 1.848086999999999898e+04 1.248665032241016992e-02
1.943232799999999997e+03 1.849397699999999895e+04 1.248027578766864980e-02
1.946236000000000104e+03 1.845465600000000268e+04 1.249516491618680135e-02
1.949237499999999955e+03 1.852019100000000253e+04 1.246755595172811815e-02
1.952237399999999980e+03 1.863815399999999863e+04 1.243172653926613927e-02
1.955235599999999977e+03 1.853329799999999886e+04 1.246332464125440159e-02
1.958232199999999921e+03 1.853329799999999886e+04 1.245487492866193154e-02
1.961227100000000064e+03 1.849397699999999895e+04 1.247179157473182580e-02
1.964220299999999952e+03 1.862504700000000230e+04 1.242124712533322108e-02
1.967211999999999989e+03 1.865126100000000224e+04 1.241288264820596988e-02
1.970201900000000023e+03 1.831047899999999936e+04 1.252725047337434512e-02
1.973190200000000004e+03 1.842188850000000093e+04 1.249090544276622826e-02
1.976176899999999932e+03 1.846776299999999901e+04 1.248027578766864980e-02
1.979161900000000060e+03 1.832358599999999933e+04 1.252939830887634699e-02
1.982145299999999907e+03 1.826460450000000128e+04 1.254662085763678242e-02
1.985127099999999928e+03 1.821217649999999776e+04 1.256174899094237435e-02
1.988107199999999921e+03 1.825805099999999948e+04 1.253800071174961984e-02
1.991085600000000113e+03 1.810076699999999983e+04 1.260090258923694459e-02
1.994062400000000025e+03 1.810732049999999799e+04 1.259653410146855355e-02
1.997037600000000111e+03 1.801557149999999820e+04 1.262940897451686820e-02
2.000011199999999917e+03 1.809421350000000166e+04 1.259435156067395707e-02
2.002983099999999922e+03 1.812042750000000160e+04 1.259217015396136771e-02
2.005953299999999899e+03 1.796314350000000195e+04 1.265146909434107514e-02
2.008922000000000025e+03 1.787139449999999852e+04 1.267809445334787052e-02
2.011888999999999896e+03 1.804833899999999994e+04 1.260527562514483085e-02
2.014854299999999967e+03 1.801557149999999820e+04 1.261184372404913767e-02
2.017818099999999959e+03 1.807455299999999988e+04 1.260527562514483085e-02
2.020780199999999923e+03 1.787794800000000032e+04 1.267586925026739815e-02
2.023740700000000061e+03 1.792382250000000204e+04 1.265810970494321216e-02
2.026699499999999944e+03 1.801557149999999820e+04 1.261403537298809788e-02
2.029656799999999976e+03 1.796969700000000012e+04 1.264042459717319711e-02
2.032612399999999980e+03 1.789105500000000029e+04 1.266698014030301182e-02
2.035566399999999931e+03 1.781896649999999863e+04 1.268477710045341073e-02
2.038518700000000081e+03 1.781896649999999863e+04 1.268700699887978858e-02
2.041469499999999925e+03 1.772721750000000247e+04 1.271834957319697978e-02
2.044418599999999969e+03 1.762236149999999907e+04 1.275899059499466769e-02
2.047366099999999960e+03 1.758959400000000096e+04 1.277262442676871390e-02
2.050311999999999898e+03 1.749784500000000116e+04 1.280460743909684132e-02
2.053256199999999808e+03 1.737332849999999962e+04 1.284376887378485023e-02
2.056198899999999867e+03 1.724881199999999808e+04 1.288329183277606670e-02
2.059139900000000125e+03 1.722915149999999994e+04 1.290436401886973020e-02
2.062079299999999876e+03 1.720949100000000180e+04 1.290671176091023539e-02
2.065017199999999775e+03 1.720949100000000180e+04 1.290436401886973020e-02
2.067953399999999874e+03 1.701943950000000041e+04 1.297774538352000628e-02
2.070887999999999920e+03 1.708497450000000026e+04 1.295156375222812975e-02
2.073820900000000165e+03 1.694735099999999875e+04 1.300168516661105028e-02
2.076752300000000105e+03 1.703254650000000038e+04 1.296820642935829840e-02
2.079682099999999991e+03 1.710463500000000204e+04 1.283683192006586371e-02
2.082610200000000077e+03 1.696701150000000052e+04 1.298969872987231801e-02
2.085536799999999857e+03 1.709152799999999843e+04 1.293971527865452921e-02
2.088461800000000039e+03 1.696701150000000052e+04 1.298013341286831206e-02
2.091385099999999966e+03 1.718327699999999822e+04 1.289498584610565199e-02
2.094306900000000041e+03 1.709152799999999843e+04 1.294445076473388183e-02
2.097226999999999862e+03 1.699977900000000227e+04 1.298013341286831206e-02
2.100145599999999831e+03 1.715706299999999828e+04 1.290906078481919746e-02
2.103062500000000000e+03 1.701943950000000041e+04 1.296820642935829840e-02
2.105977899999999863e+03 1.705876049999999668e+04 1.295393735506162464e-02
2.108891700000000128e+03 1.690147650000000067e+04 1.301129824383313177e-02
2.111803800000000138e+03 1.705876049999999668e+04 1.295156375222812975e-02
2.114714399999999841e+03 1.705220699999999852e+04 1.295631226338757498e-02
2.117623399999999947e+03 1.694079750000000058e+04 1.299688661130215736e-02
2.120530799999999999e+03 1.674419250000000102e+04 1.306211909442752186e-02
2.123436599999999999e+03 1.671142499999999927e+04 1.308408250495976186e-02
2.126340799999999945e+03 1.661312250000000131e+04 1.311846911486354815e-02
2.129243500000000040e+03 1.665244350000000122e+04 1.310861671458909972e-02
2.132144499999999880e+03 1.663278300000000309e+04 1.311600393225889095e-02
2.135043999999999869e+03 1.666555050000000119e+04 1.309633237423307554e-02
2.137941899999999805e+03 1.646894550000000163e+04 1.317305726830797670e-02
2.140838099999999940e+03 1.640341050000000178e+04 1.319056964920115732e-02
2.143732899999999972e+03 1.632476849999999831e+04 1.322580496766665933e-02
2.146626000000000204e+03 1.644273150000000169e+04 1.318305579518830838e-02
2.149517499999999927e+03 1.642962449999999808e+04 1.318806360383813908e-02
2.152407499999999800e+03 1.637064300000000003e+04 1.321066957651619023e-02
2.155295900000000074e+03 1.635098250000000007e+04 1.321570893186885254e-02
2.158182699999999841e+03 1.631821500000000015e+04 1.322580496766665933e-02
2.161068000000000211e+03 1.624612650000000031e+04 1.324606664935467845e-02
2.163951599999999871e+03 1.630510800000000017e+04 1.323339219745277295e-02
2.166833700000000135e+03 1.638375000000000000e+04 1.318806360383813908e-02
2.169714300000000094e+03 1.627889400000000023e+04 1.324860591260993391e-02
2.172593199999999797e+03 1.618059150000000045e+04 1.327407912573287836e-02
2.175470600000000104e+03 1.619369849999999860e+04 1.327152519033151373e-02
2.178346399999999903e+03 1.629855450000000019e+04 1.323086167019042747e-02
2.181220699999999852e+03 1.615437750000000051e+04 1.328174978752632955e-02
2.184093299999999999e+03 1.613471700000000055e+04 1.329456382792839307e-02
2.186964500000000044e+03 1.605607499999999891e+04 1.332546948101295120e-02
2.189833999999999833e+03 1.606262850000000071e+04 1.331772286502194355e-02
2.192702000000000226e+03 1.590534449999999924e+04 1.338793296152690319e-02
2.195568400000000111e+03 1.585291649999999936e+04 1.338793296152690319e-02
2.198433300000000145e+03 1.574806050000000141e+04 1.345128315581462473e-02
2.201296600000000126e+03 1.569563249999999971e+04 1.346993035401190461e-02
2.204158300000000054e+03 1.549247400000000016e+04 1.354801756095532113e-02
2.207018500000000131e+03 1.544659950000000026e+04 1.357252902094904616e-02
2.209877199999999903e+03 1.542693900000000031e+04 1.358072911978650682e-02
2.212734199999999873e+03 1.531552949999999873e+04 1.363301051122699052e-02
2.215589800000000196e+03 1.540727850000000035e+04 1.359168574046321770e-02
2.218443699999999808e+03 1.521722699999999895e+04 1.366634310501874117e-02
2.221296200000000226e+03 1.525654800000000068e+04 1.366077069169634867e-02
2.224146999999999935e+03 1.519101300000000083e+04 1.367750841987542751e-02
2.226996299999999792e+03 1.513858500000000095e+04 1.369150362298411118e-02
2.229844099999999798e+03 1.514513849999999911e+04 1.369711374558093761e-02
2.232690300000000207e+03 1.519756649999999900e+04 1.366077069169634867e-02
2.235534999999999854e+03 1.502717549999999937e+04 1.375075615660892488e-02
2.238378099999999904e+03 1.513203149999999914e+04 1.370554187502921045e-02
2.241219700000000103e+03 1.515169199999999910e+04 1.368870114549635905e-02
2.244059699999999793e+03 1.509926399999999921e+04 1.371116927903354502e-02
2.246898200000000088e+03 1.506649649999999929e+04 1.373374841212047885e-02
2.249735200000000077e+03 1.511237099999999919e+04 1.369711374558093761e-02
2.252570600000000013e+03 1.509926399999999921e+04 1.371116927903354502e-02
2.255404500000000098e+03 1.496819399999999951e+04 1.376497764779911065e-02
2.258236800000000130e+03 1.496164049999999952e+04 1.377067861207244628e-02
2.261067599999999857e+03 1.494198000000000138e+04 1.378210182317163301e-02
2.263896799999999985e+03 1.488299849999999969e+04 1.380790834039434187e-02
2.266724600000000009e+03 1.481746349999999984e+04 1.378210182317163301e-02
2.269550799999999981e+03 1.467328649999999834e+04 1.390672435241850288e-02
2.272375399999999900e+03 1.473882150000000001e+04 1.386869179638916712e-02
2.275198499999999967e+03 1.465362600000000020e+04 1.391554561835623913e-02
2.278020100000000184e+03 1.448323500000000058e+04 1.398971491899331059e-02
2.280840200000000095e+03 1.449634200000000055e+04 1.398373768525796104e-02
2.283658699999999953e+03 1.439803950000000077e+04 1.402875466301455737e-02
2.286475699999999961e+03 1.431284400000000096e+04 1.405900864394327675e-02
2.289291200000000117e+03 1.431284400000000096e+04 1.405597443463979697e-02
2.292105199999999968e+03 1.428662999999999920e+04 1.407725525596207825e-02
2.294917600000000220e+03 1.421454150000000118e+04 1.410169495362575444e-02
2.297728500000000167e+03 1.423420200000000114e+04 1.410169495362575444e-02
2.300537899999999809e+03 1.425386249999999927e+04 1.408335326588896000e-02
2.303345699999999852e+03 1.423420200000000114e+04 1.408640524409487949e-02
2.306152099999999791e+03 1.429318349999999919e+04 1.405900864394327675e-02
2.308956900000000132e+03 1.423420200000000114e+04 1.409557309748589275e-02
2.311760200000000168e+03 1.433905799999999908e+04 1.403781034206173957e-02
2.314561999999999898e+03 1.429973700000000099e+04 1.407116516039003465e-02
2.317362200000000030e+03 1.426696950000000106e+04 1.408335326588896000e-02
2.320161000000000058e+03 1.412934600000000137e+04 1.414477245509217045e-02
2.322958200000000033e+03 1.401138299999999981e+04 1.420387126698570424e-02
2.325753999999999905e+03 1.405070399999999972e+04 1.418201193802325240e-02
2.328548200000000179e+03 1.403104350000000159e+04 1.419449061350217325e-02
2.331340900000000147e+03 1.393929449999999997e+04 1.422268850367607203e-02
2.334132099999999809e+03 1.382133150000000023e+04 1.429233039506758174e-02
2.336921800000000076e+03 1.374268950000000041e+04 1.432432580201096692e-02
2.339709899999999834e+03 1.369681499999999869e+04 1.435007741974649725e-02
2.342496599999999944e+03 1.361817300000000068e+04 1.439222164387964770e-02
2.345281800000000203e+03 1.359195900000000074e+04 1.439873838482662489e-02
2.348065399999999954e+03 1.342156800000000112e+04 1.449423706751391816e-02
2.350847600000000057e+03 1.338880050000000119e+04 1.451757455461640152e-02
2.353628200000000106e+03 1.330360500000000138e+04 1.455447659452989428e-02
2.356407400000000052e+03 1.322496299999999974e+04 1.459845303309385833e-02
2.359184999999999945e+03 1.321185599999999977e+04 1.459505606899130434e-02
2.361961099999999988e+03 1.315287449999999990e+04 1.461888474782731262e-02
2.364735799999999927e+03 1.312010699999999997e+04 1.463940249090378912e-02
2.367508899999999812e+03 1.312010699999999997e+04 1.464969381202782354e-02
2.370280600000000049e+03 1.305457200000000012e+04 1.466689435078319566e-02
2.373050799999999981e+03 1.299559050000000025e+04 1.470842410172440787e-02
2.375819399999999860e+03 1.292350199999999859e+04 1.473630739519180867e-02
2.378586600000000089e+03 1.293660900000000038e+04 1.475030864053083340e-02
2.381352300000000014e+03 1.302180449999999837e+04 1.468761519137282319e-02
2.384116399999999885e+03 1.304146500000000015e+04 1.468761519137282319e-02
2.386879100000000108e+03 1.312666049999999996e+04 1.464283052103879969e-02
2.389640300000000025e+03 1.306767900000000009e+04 1.466000686773104647e-02
2.392400099999999838e+03 1.299559050000000025e+04 1.471886177833196460e-02
2.395158300000000054e+03 1.292350199999999859e+04 1.473980396835649492e-02
2.397914999999999964e+03 1.299559050000000025e+04 1.468415561879123782e-02
2.400670300000000225e+03 1.291039500000000044e+04 1.473980396835649492e-02
2.403424100000000180e+03 1.287107399999999870e+04 1.476786644777085093e-02
2.406176300000000083e+03 1.294971600000000035e+04 1.473630739519180867e-02
2.408927099999999882e+03 1.288418100000000049e+04 1.476434987040279971e-02
2.411676500000000033e+03 1.279243200000000070e+04 1.480671538035474230e-02
2.414424300000000130e+03 1.282519950000000063e+04 1.479608982076571246e-02
2.417170700000000124e+03 1.272034349999999904e+04 1.483872993747226143e-02
2.419915599999999813e+03 1.264825500000000102e+04 1.489616113398881461e-02
2.422659000000000106e+03 1.247786400000000140e+04 1.499092602160452710e-02
2.425400900000000092e+03 1.244509650000000147e+04 1.500566636540325884e-02
2.428141399999999976e+03 1.244509650000000147e+04 1.500935825040571048e-02
2.430880299999999806e+03 1.245820349999999962e+04 1.499829076094420961e-02
2.433617799999999988e+03 1.242543599999999969e+04 1.500566636540325884e-02
2.436353900000000067e+03 1.228781250000000000e+04 1.508377297652026792e-02
2.439088400000000092e+03 1.235334749999999985e+04 1.506133243896150276e-02
2.441821500000000015e+03 1.236645449999999983e+04 1.505014966367466782e-02
2.444553199999999833e+03 1.234679400000000169e+04 1.505387448730890164e-02
2.447283300000000054e+03 1.232057999999999993e+04 1.508002592069881617e-02
2.450012000000000171e+03 1.237956150000000162e+04 1.503156693074055375e-02
2.452739199999999983e+03 1.232057999999999993e+04 1.504642760360447307e-02
2.455465000000000146e+03 1.228125900000000001e+04 1.509878918031508713e-02
2.458189300000000003e+03 1.234679400000000169e+04 1.505014966367466782e-02
2.460912100000000009e+03 1.240577549999999974e+04 1.501305286172330972e-02
2.463633499999999913e+03 1.234024049999999988e+04 1.505387448730890164e-02
2.466353399999999965e+03 1.241232900000000154e+04 1.500566636540325884e-02
2.469071800000000167e+03 1.222883099999999831e+04 1.512517579993557723e-02
2.471788799999999810e+03 1.239266849999999977e+04 1.502785863737445687e-02
2.474504300000000057e+03 1.227470550000000003e+04 1.507628165598047000e-02
2.477218400000000202e+03 1.232713349999999991e+04 1.506506557384073609e-02
2.479931000000000040e+03 1.224193800000000010e+04 1.511762265299768267e-02
2.482642100000000028e+03 1.214363550000000032e+04 1.517454875871536608e-02
2.485351799999999912e+03 1.212397500000000036e+04 1.519749994212417181e-02
2.488060100000000148e+03 1.190115600000000086e+04 1.532168995333408994e-02
2.490766900000000078e+03 1.185528150000000096e+04 1.534926468439003211e-02
2.493472200000000157e+03 1.188804900000000089e+04 1.530991761970711650e-02
2.496176100000000133e+03 1.179629999999999927e+04 1.534531632041875697e-02
2.498878499999999804e+03 1.173731850000000122e+04 1.541685664446207707e-02
2.501579499999999825e+03 1.165867649999999958e+04 1.547319616738435967e-02
2.504279100000000199e+03 1.158003449999999975e+04 1.549753148438800208e-02
2.506977199999999812e+03 1.156692749999999978e+04 1.551789886271875453e-02
2.509673800000000028e+03 1.154071349999999984e+04 1.554244604209541192e-02
2.512369000000000142e+03 1.138342950000000019e+04 1.563763432616496751e-02
2.515062800000000152e+03 1.145551800000000003e+04 1.557535755812803659e-02
2.517755099999999857e+03 1.154071349999999984e+04 1.554244604209541192e-02
2.520445999999999913e+03 1.150139249999999993e+04 1.555887569366166609e-02
2.523135400000000118e+03 1.140964350000000013e+04 1.560432729297973539e-02
2.525823400000000220e+03 1.147517849999999999e+04 1.557535755812803659e-02
2.528510000000000218e+03 1.140308999999999833e+04 1.562511921065381018e-02
2.531195099999999911e+03 1.150794599999999991e+04 1.555476339659138223e-02
2.533878799999999956e+03 1.147517849999999999e+04 1.557948621494226887e-02
2.536561000000000149e+03 1.144241100000000006e+04 1.560017886082002737e-02
2.539241799999999785e+03 1.156692749999999978e+04 1.551789886271875453e-02
2.541921200000000226e+03 1.140308999999999833e+04 1.561679247453854821e-02
2.544599099999999908e+03 1.150139249999999993e+04 1.553015790257357941e-02
2.547275700000000143e+03 1.137687600000000020e+04 1.563763432616496751e-02
2.549950699999999870e+03 1.131789450000000033e+04 1.567536088117833099e-02
2.552624400000000151e+03 1.145551800000000003e+04 1.559603373550151953e-02
2.555296600000000126e+03 1.127201999999999862e+04 1.568799720800361994e-02
2.557967399999999998e+03 1.133755499999999847e+04 1.567115555289844836e-02
2.560636800000000221e+03 1.118682449999999881e+04 1.573459322510053007e-02
2.563304700000000139e+03 1.108852199999999903e+04 1.581174505736445898e-02
2.565971199999999953e+03 1.099021949999999924e+04 1.590320612765283581e-02
2.568636300000000119e+03 1.100988000000000102e+04 1.588128577798171570e-02
2.571300000000000182e+03 1.100332649999999921e+04 1.588566259652367599e-02
2.573962199999999939e+03 1.089191699999999946e+04 1.594732051510870663e-02
2.576623000000000047e+03 1.094434500000000116e+04 1.592521749614941862e-02
2.579282400000000052e+03 1.086570299999999952e+04 1.597841992996772154e-02
2.581940399999999954e+03 1.087881000000000131e+04 1.596506934699610039e-02
2.584596900000000005e+03 1.077395399999999972e+04 1.604116852458086287e-02
2.587252100000000155e+03 1.086570299999999952e+04 1.597396601491813534e-02
2.589905799999999999e+03 1.078050749999999971e+04 1.602316496276388891e-02
2.592558100000000195e+03 1.074118649999999980e+04 1.605471109223106235e-02
2.595208999999999833e+03 1.070841899999999987e+04 1.605471109223106235e-02
2.597858499999999822e+03 1.085259599999999955e+04 1.597841992996772154e-02
2.600506499999999960e+03 1.072152599999999984e+04 1.607282131918716037e-02
2.603153200000000197e+03 1.076084700000000157e+04 1.603215916216022691e-02
2.605798400000000129e+03 1.083948899999999958e+04 1.598733894820620824e-02
2.608442300000000159e+03 1.085259599999999955e+04 1.598287757266288536e-02
2.611084699999999884e+03 1.081327499999999964e+04 1.598733894820620824e-02
2.613725699999999961e+03 1.080016799999999967e+04 1.601867353591664156e-02
2.616365299999999934e+03 1.074773999999999978e+04 1.603666194533064776e-02
2.619003499999999804e+03 1.064943750000000000e+04 1.612294221604149147e-02
2.621640300000000025e+03 1.071497249999999985e+04 1.605923290927389543e-02
2.624275700000000143e+03 1.068220499999999993e+04 1.606828801735698392e-02
2.626909700000000157e+03 1.055768850000000020e+04 1.618741582118293429e-02
2.629542199999999866e+03 1.057079550000000017e+04 1.615968971035711133e-02
2.632173400000000129e+03 1.053147450000000026e+04 1.619205072917231578e-02
2.634803199999999833e+03 1.032831599999999889e+04 1.635682362431915143e-02
2.637431599999999889e+03 1.027588799999999901e+04 1.639519745682267715e-02
2.640058599999999842e+03 1.026933450000000084e+04 1.639038595343019281e-02
2.642684099999999944e+03 1.007928299999999945e+04 1.652673138220411148e-02
2.645308300000000145e+03 1.003996199999999953e+04 1.652180317831275849e-02
2.647931099999999788e+03 9.895784999999999854e+03 1.668680031294919250e-02
2.650552499999999782e+03 9.902338500000001659e+03 1.668680031294919250e-02
2.653172500000000127e+03 9.810589500000000044e+03 1.672243959144018716e-02
2.655791099999999915e+03 9.699180000000000291e+03 1.682553822282883971e-02
2.658408300000000054e+03 9.627091500000000451e+03 1.690940435351918555e-02
2.661024100000000089e+03 9.627091500000000451e+03 1.688306159822832581e-02
2.663638500000000022e+03 9.574663500000000568e+03 1.693056757125531095e-02
2.666251600000000053e+03 9.633644999999998618e+03 1.690412593779716185e-02
2.668863199999999779e+03 9.476361000000000786e+03 1.704299312869750685e-02
2.671473500000000058e+03 9.450146999999999025e+03 1.704840274417374416e-02
2.674082399999999780e+03 9.535342499999998836e+03 1.698917868071330578e-02
2.676689800000000105e+03 9.469807499999998981e+03 1.703758865951811308e-02
2.679295999999999822e+03 9.378058500000001004e+03 1.711919980189394175e-02
2.681900700000000143e+03 9.345291000000001077e+03 1.713566321310552518e-02
2.684503999999999905e+03 9.325630500000001120e+03 1.715768849624960818e-02
2.687105900000000020e+03 9.391165500000000975e+03 1.709186591921554865e-02
2.689706499999999778e+03 9.194560500000001412e+03 1.727473109357162417e-02
2.692305699999999888e+03 9.129025499999999738e+03 1.731995298009102527e-02
2.694903499999999894e+03 9.188006999999999607e+03 1.726910322859296146e-02
2.697499899999999798e+03 9.155239499999999680e+03 1.730861422078728076e-02
2.700094999999999800e+03 9.155239499999999680e+03 1.729164775937843193e-02
2.702688700000000154e+03 9.161792999999999665e+03 1.728600334997086943e-02
2.705280999999999949e+03 9.004509000000000015e+03 1.742879450327400326e-02
2.707871900000000096e+03 8.893099499999998443e+03 1.753971409396150316e-02
2.710461400000000140e+03 8.886546000000000276e+03 1.756333661523062570e-02
2.713049599999999828e+03 8.821011000000000422e+03 1.761683818763794956e-02
2.715636399999999867e+03 8.696494500000000698e+03 1.771924501678745142e-02
2.718221799999999803e+03 8.689940999999998894e+03 1.774970617906524925e-02
2.720805899999999838e+03 8.532657000000001062e+03 1.789187917716120874e-02
2.723388600000000224e+03 8.427800999999999476e+03 1.798646245741723423e-02
2.725969900000000052e+03 8.408140499999999520e+03 1.799282146856072753e-02
2.728549899999999980e+03 8.349159000000001470e+03 1.805678477540055560e-02
2.731128400000000056e+03 8.277070499999999811e+03 1.816056025501028640e-02
2.733705699999999979e+03 8.329498499999999694e+03 1.810844950123417785e-02
2.736281500000000051e+03 8.198428499999999985e+03 1.822633577006003633e-02
2.738856000000000222e+03 8.250856500000001688e+03 1.815402179926100049e-02
2.741429099999999835e+03 8.211535499999999956e+03 1.820652811801744264e-02
2.744000900000000001e+03 8.172214500000000044e+03 1.825949267534640250e-02
2.746571300000000065e+03 8.159107500000000073e+03 1.827947388797307796e-02
2.749140300000000025e+03 8.073912000000000262e+03 1.834655475152368459e-02
2.751708000000000084e+03 8.185321500000000015e+03 1.823957684392420869e-02
2.754274300000000039e+03 8.047698000000000320e+03 1.839395320041797496e-02
2.756839300000000094e+03 8.041144500000000335e+03 1.836005976237086237e-02
2.759402900000000045e+03 8.008377000000000407e+03 1.839395320041797496e-02
2.761965200000000095e+03 8.028037499999999454e+03 1.837359464055434918e-02
2.764525999999999840e+03 8.054251499999999396e+03 1.837359464055434918e-02
2.767085599999999886e+03 7.975609500000000480e+03 1.844172092039850219e-02
2.769643799999999828e+03 7.896967499999999745e+03 1.853838354172254732e-02
2.772200600000000122e+03 7.910074499999999716e+03 1.852448148986727411e-02
2.774756100000000060e+03 7.929734999999999673e+03 1.850368692972263404e-02
2.777310199999999895e+03 7.746237000000000080e+03 1.870768736209773783e-02
2.779862999999999829e+03 7.720023000000000138e+03 1.871484272184000680e-02
2.782414400000000114e+03 7.693809000000000196e+03 1.877238272762503379e-02
2.784964500000000044e+03 7.687255500000000211e+03 1.877961260762642595e-02
2.787513199999999870e+03 7.588953000000000429e+03 1.888907309905955845e-02
2.790060599999999795e+03 7.490650499999999738e+03 1.901547255800340591e-02
2.792606699999999819e+03 7.412008500000000822e+03 1.884505966503728300e-02
2.795151400000000194e+03 7.366134000000000015e+03 1.915211244166761459e-02
2.797694700000000012e+03 7.274385000000000218e+03 1.927607562862147794e-02
2.800236699999999928e+03 7.208850000000000364e+03 1.931531050664543961e-02
2.802777399999999943e+03 7.241617500000000291e+03 1.931531050664543961e-02
2.805316699999999855e+03 7.208850000000000364e+03 1.936271011290449304e-02
2.807854699999999866e+03 7.208850000000000364e+03 1.931531050664543961e-02
2.810391299999999774e+03 7.064673000000000684e+03 1.952326601316729457e-02
2.812926599999999780e+03 7.110547499999999673e+03 1.947468045627396074e-02
2.815460599999999886e+03 7.064673000000000684e+03 1.949083531633628158e-02
2.817993199999999888e+03 7.156422000000000480e+03 1.938654114975498638e-02
2.820524499999999989e+03 7.110547499999999673e+03 1.947468045627396074e-02
2.823054500000000189e+03 7.149868500000000495e+03 1.940247747891523863e-02
2.825583099999999831e+03 6.979477499999999964e+03 1.963806151074124970e-02
2.828110400000000027e+03 7.077779999999999745e+03 1.950703044610704179e-02
2.830636399999999867e+03 7.077779999999999745e+03 1.947468045627396074e-02
2.833161000000000058e+03 7.058119500000000698e+03 1.949892783705712770e-02
2.835684299999999894e+03 7.136761499999999614e+03 1.943446839508136334e-02
2.838206299999999828e+03 7.117101000000000568e+03 1.917517339215452782e-02
2.840726900000000114e+03 6.999138000000000829e+03 1.959683101908779937e-02
2.843246200000000044e+03 7.051565999999999804e+03 1.953954218607603308e-02
2.845764200000000073e+03 7.012244999999999891e+03 1.954769555266750239e-02
2.848280900000000202e+03 7.005691499999999905e+03 1.956403295255452687e-02
2.850796200000000226e+03 6.972923999999999978e+03 1.962153810730171005e-02
2.853310199999999895e+03 6.913942500000000109e+03 1.965462672795134300e-02
2.855822900000000118e+03 6.900835500000000138e+03 1.972969241196697102e-02
2.858334199999999782e+03 6.789425999999999476e+03 1.987386143494870860e-02
2.860844300000000203e+03 6.809086500000000342e+03 1.982261804558176424e-02
2.863353000000000065e+03 6.782872499999999491e+03 1.984819012851561301e-02
2.865860400000000027e+03 6.789425999999999476e+03 1.986529326837891546e-02
2.868366399999999885e+03 6.671462999999999738e+03 2.002123778041647525e-02
2.870871200000000044e+03 6.619035000000000764e+03 2.006521156012096990e-02
2.873374600000000100e+03 6.664909499999999753e+03 2.003000940746618372e-02
2.875876699999999801e+03 6.678016500000000633e+03 1.998626615934184086e-02
2.878377500000000055e+03 6.553500000000000000e+03 2.017194216178926081e-02
2.880876999999999953e+03 6.514179000000000087e+03 2.024404942358030979e-02
2.883375199999999950e+03 6.560053499999999985e+03 2.019889199633443863e-02
2.885872100000000046e+03 6.625588499999999840e+03 2.007404113659237016e-02
2.888367600000000039e+03 6.553500000000000000e+03 2.016298282660967944e-02
2.890861800000000130e+03 6.671462999999999738e+03 1.996015737463690751e-02
2.893354800000000068e+03 6.612481499999999869e+03 2.006521156012096990e-02
2.895846399999999903e+03 6.678016500000000633e+03 2.002123778041647525e-02
2.898336699999999837e+03 6.730444499999999607e+03 1.991686919231159050e-02
2.900825699999999870e+03 6.691123499999999694e+03 1.998626615934184086e-02
2.903313400000000001e+03 6.645249000000000706e+03 2.003000940746618372e-02
2.905799700000000030e+03 6.645249000000000706e+03 2.003879257360084709e-02
2.908284799999999905e+03 6.658355999999999767e+03 2.002123778041647525e-02
2.910768599999999878e+03 6.730444499999999607e+03 1.992550429750476748e-02
2.913251000000000204e+03 6.704230500000000575e+03 1.992550429750476748e-02
2.915732199999999921e+03 6.566606999999999971e+03 2.014509991149345675e-02
2.918212100000000191e+03 6.586267500000000837e+03 2.011836453154948121e-02
2.920690599999999904e+03 6.579713999999999942e+03 2.008288237953880298e-02
2.923167899999999918e+03 6.540393000000000029e+03 2.018091345071923448e-02
2.925643799999999828e+03 6.520732500000000073e+03 2.018091345071923448e-02
2.928118500000000040e+03 6.448644000000000233e+03 2.030778169096790833e-02
2.930591800000000148e+03 6.415876500000000306e+03 2.033528039238110402e-02
2.933063900000000103e+03 6.370001999999999498e+03 2.041845162044382544e-02
2.935534700000000157e+03 6.304466999999999643e+03 2.052150479527412030e-02
2.938004100000000108e+03 6.271699499999999716e+03 2.054988209133115987e-02
2.940472299999999905e+03 6.225824999999999818e+03 2.060699164681277160e-02
2.942939199999999801e+03 6.160289999999999964e+03 2.074212090877092587e-02
2.945404700000000048e+03 6.186503999999999905e+03 2.068388367383190360e-02
2.947869000000000142e+03 6.107862000000000080e+03 2.077142460255654993e-02
2.950331999999999880e+03 5.989898999999999432e+03 2.103070350129344901e-02
2.952793700000000172e+03 6.029220000000000255e+03 2.095994390415556463e-02
2.955254199999999855e+03 5.976792000000000371e+03 2.099018187694042317e-02
2.957713299999999890e+03 5.963684999999999491e+03 2.105105251766622998e-02
2.960171100000000024e+03 5.937470999999999549e+03 2.105105251766622998e-02
2.962627700000000004e+03 5.878489499999999680e+03 2.113304329545795043e-02
2.965082899999999881e+03 5.871935999999999694e+03 2.116403775351444194e-02
2.967536900000000060e+03 5.911257000000000517e+03 2.105105251766622998e-02
2.969989599999999882e+03 5.878489499999999680e+03 2.120557663107229887e-02
2.972440999999999804e+03 5.832614999999999782e+03 2.121599962341023937e-02
2.974891099999999824e+03 5.898149999999999636e+03 2.116403775351444194e-02
2.977340000000000146e+03 5.924363999999999578e+03 2.110218461270974358e-02
2.979787499999999909e+03 5.957131499999999505e+03 2.106124920148901361e-02
2.982233799999999974e+03 5.871935999999999694e+03 2.119516898547308542e-02
2.984678800000000138e+03 5.865382499999999709e+03 2.119516898547308542e-02
2.987122499999999945e+03 5.819507999999999811e+03 2.124736105904135447e-02
2.989565000000000055e+03 5.767079999999999927e+03 2.135291243421374302e-02
2.992006100000000060e+03 5.727759000000000015e+03 2.140628145630808429e-02
2.994445999999999913e+03 5.675331000000000131e+03 2.151423111444600300e-02
2.996884599999999864e+03 5.616349500000000262e+03 2.161279517334563707e-02
2.999322000000000116e+03 5.537707500000000437e+03 2.174634615696641876e-02
3.001757999999999811e+03 5.531154000000000451e+03 2.178012253687137273e-02
3.004192799999999806e+03 5.537707500000000437e+03 2.173512223562159770e-02
3.006626299999999901e+03 5.439405000000000655e+03 2.189385763154733794e-02
3.009058500000000095e+03 5.373869999999999891e+03 2.200939330254058149e-02
3.011489500000000135e+03 5.347655999999999949e+03 2.213861956715651794e-02
3.013919199999999819e+03 5.314888500000000022e+03 2.219811609896804941e-02
3.016347600000000057e+03 5.341102499999999964e+03 2.210315046095870026e-02
3.018774800000000141e+03 5.327995499999999993e+03 2.215048060179643577e-02
3.021200699999999870e+03 5.288674499999999171e+03 2.219811609896804941e-02
3.023625300000000152e+03 5.249353500000000167e+03 2.228222292945113148e-02
3.026048699999999826e+03 5.282121000000000095e+03 2.223404509377601909e-02
3.028470800000000054e+03 5.242800000000000182e+03 2.230642958833239931e-02
3.030891599999999926e+03 5.321442000000000007e+03 2.212677756600586049e-02
3.033311200000000099e+03 5.367316499999999905e+03 2.207959888212222138e-02
3.035729499999999916e+03 5.262460500000000138e+03 2.227014911500221905e-02
3.038146499999999833e+03 5.354209499999999935e+03 2.211495454749355313e-02
3.040562300000000050e+03 5.255906999999999243e+03 2.223404509377601909e-02
3.042976799999999912e+03 5.262460500000000138e+03 2.225809490620839215e-02
3.045389999999999873e+03 5.190372000000000298e+03 2.235508052854329880e-02
3.047802000000000135e+03 5.124837000000000444e+03 2.251542247126803870e-02
3.050212799999999788e+03 5.144497500000000400e+03 2.246571949128677373e-02
3.052622199999999793e+03 4.934785499999999956e+03 2.291214415232644894e-02
3.055030499999999847e+03 4.928231999999999971e+03 2.291214415232644894e-02
3.057437399999999798e+03 4.980659999999999854e+03 2.283372243628148043e-02
3.059843199999999797e+03 4.908571500000000015e+03 2.297811648625560157e-02
3.062247600000000148e+03 4.862697000000000116e+03 2.311178903034276019e-02
3.064650799999999890e+03 4.816822499999999309e+03 2.317950610787045465e-02
3.067052799999999934e+03 4.836483000000000175e+03 2.311178903034276019e-02
3.069453500000000076e+03 4.744734000000000378e+03 2.333060374756285721e-02
3.071852899999999863e+03 4.731627000000000407e+03 2.334448688104234088e-02
3.074251099999999951e+03 4.777501500000000306e+03 2.324782192387328875e-02
3.076648000000000138e+03 4.803715500000000247e+03 2.320676009271975190e-02
3.079043700000000172e+03 4.836483000000000175e+03 2.313880457320704673e-02
3.081438200000000052e+03 4.797162000000000262e+03 2.323411043820757665e-02
3.083831400000000031e+03 4.718519999999999527e+03 2.334448688104234088e-02
3.086223399999999856e+03 4.725073499999999513e+03 2.338628545861533639e-02
3.088614099999999780e+03 4.587450000000000728e+03 2.367080061156107140e-02
3.091003499999999804e+03 4.528468499999999949e+03 2.386140164958258300e-02
3.093391799999999876e+03 4.430165999999999258e+03 2.407190328417445346e-02
3.095778699999999844e+03 4.410505500000000211e+03 2.416383959569009740e-02
3.098164499999999862e+03 4.318756500000000415e+03 2.431943579189894261e-02
3.100548999999999978e+03 4.266328500000000531e+03 2.451017938675123520e-02
3.102932200000000194e+03 4.259775000000000546e+03 2.447807697692119810e-02
3.105314199999999801e+03 4.253221499999999651e+03 2.449411240410903287e-02
3.107695000000000164e+03 4.338416999999999462e+03 2.433516126123821607e-02
3.110074500000000171e+03 4.364631000000000313e+03 2.427244166916203358e-02
3.112452800000000025e+03 4.312202999999999520e+03 2.431943579189894261e-02
3.114829900000000180e+03 4.207346999999999753e+03 2.467260780027276737e-02
3.117205699999999979e+03 4.115597999999999956e+03 2.487185147535295529e-02
3.119580300000000079e+03 4.017295500000000175e+03 2.519743555465631113e-02
3.121953700000000026e+03 3.866564999999999600e+03 2.555435751806421629e-02
3.124325800000000072e+03 3.840351000000000113e+03 2.566442704766146859e-02
3.126696699999999964e+03 3.860011500000000069e+03 2.559088985625626242e-02
3.129066299999999956e+03 3.886225500000000011e+03 2.549985118330273803e-02
3.131434699999999793e+03 3.879672000000000025e+03 2.549985118330273803e-02
3.133801899999999932e+03 3.860011500000000069e+03 2.560921487819368264e-02
3.136167899999999918e+03 3.807583499999999731e+03 2.579465694462387132e-02
3.138532600000000002e+03 3.630638999999999669e+03 2.629632028583783754e-02
3.140896099999999933e+03 3.604425000000000182e+03 2.641630411932243197e-02
3.143258400000000165e+03 3.499569000000000415e+03 2.676538818212316137e-02
3.145619400000000041e+03 3.525782999999999902e+03 2.672359988469039105e-02
3.147979299999999967e+03 3.545443500000000313e+03 2.668200670790997486e-02
3.150337899999999991e+03 3.525782999999999902e+03 2.661997948714684217e-02
3.152695200000000114e+03 3.466801500000000033e+03 2.691320604560725957e-02
3.155051399999999830e+03 3.322624500000000353e+03 2.743924679432046751e-02
3.157406300000000101e+03 3.263643000000000029e+03 2.764461616372261565e-02
3.159760000000000218e+03 3.309517500000000382e+03 2.750719385698535691e-02
3.162112500000000182e+03 3.270196500000000015e+03 2.759858013483766290e-02
3.164463799999999992e+03 3.191554500000000189e+03 2.792575508568101439e-02
3.166813799999999901e+03 3.080144999999999982e+03 2.838898122700434651e-02
3.169162600000000111e+03 3.099805499999999938e+03 2.831430600456158464e-02
3.171510200000000168e+03 3.145680000000000291e+03 2.811801728788655350e-02
3.173856600000000071e+03 3.099805499999999938e+03 2.811801728788655350e-02
3.176201799999999821e+03 3.047377500000000055e+03 2.856554700612552733e-02
3.178545700000000124e+03 2.929414499999999862e+03 2.900845011589969422e-02
