-3.075250000000000128e+01 1.232057999999999993e+03 3.590953645163814933e-02
-2.660050000000000026e+01 1.232057999999999993e+03 3.590953645163814933e-02
-2.245090000000000074e+01 1.232057999999999993e+03 3.590953645163814933e-02
-1.830389999999999873e+01 1.232057999999999993e+03 3.590953645163814933e-02
-1.415949999999999953e+01 1.232057999999999993e+03 3.590953645163814933e-02
-1.001759999999999984e+01 1.232057999999999993e+03 3.590953645163814933e-02
-5.878199999999999648e+00 1.232057999999999993e+03 3.590953645163814933e-02
-1.741400000000000059e+00 1.232057999999999993e+03 3.590953645163814933e-02
2.392900000000000027e+00 1.232057999999999993e+03 3.590953645163814933e-02
6.524700000000000166e+00 1.232057999999999993e+03 3.590953645163814933e-02
1.065390000000000015e+01 1.232057999999999993e+03 3.590953645163814933e-02
1.478059999999999974e+01 1.232057999999999993e+03 3.590953645163814933e-02
1.890480000000000160e+01 1.232057999999999993e+03 3.590953645163814933e-02
2.302649999999999864e+01 1.232057999999999993e+03 3.590953645163814933e-02
2.714560000000000173e+01 1.232057999999999993e+03 3.590953645163814933e-02
3.126219999999999999e+01 1.232057999999999993e+03 3.590953645163814933e-02
3.537639999999999674e+01 1.232057999999999993e+03 3.590953645163814933e-02
3.948790000000000333e+01 1.232057999999999993e+03 3.590953645163814933e-02
4.359700000000000131e+01 1.232057999999999993e+03 3.590953645163814933e-02
4.770360000000000156e+01 1.232057999999999993e+03 3.590953645163814933e-02
5.180769999999999698e+01 1.232057999999999993e+03 3.590953645163814933e-02
5.590919999999999845e+01 1.232057999999999993e+03 3.590953645163814933e-02
6.000829999999999842e+01 1.232057999999999993e+03 3.590953645163814933e-02
6.410479999999999734e+01 1.232057999999999993e+03 3.590953645163814933e-02
6.819889999999999475e+01 1.232057999999999993e+03 3.590953645163814933e-02
7.229040000000000532e+01 1.232057999999999993e+03 3.590953645163814933e-02
7.637949999999999307e+01 1.232057999999999993e+03 3.590953645163814933e-02
8.046609999999999729e+01 1.232057999999999993e+03 3.590953645163814933e-02
8.455010000000000048e+01 1.232057999999999993e+03 3.590953645163814933e-02
8.863169999999999504e+01 1.232057999999999993e+03 3.590953645163814933e-02
9.271080000000000609e+01 1.232057999999999993e+03 3.590953645163814933e-02
9.678740000000000521e+01 1.232057999999999993e+03 3.590953645163814933e-02
1.008615999999999957e+02 1.232057999999999993e+03 3.590953645163814933e-02
1.049331999999999994e+02 1.232057999999999993e+03 3.590953645163814933e-02
1.090023999999999944e+02 1.232057999999999993e+03 3.590953645163814933e-02
1.130691000000000059e+02 1.232057999999999993e+03 3.590953645163814933e-02
1.171333000000000055e+02 1.232057999999999993e+03 3.590953645163814933e-02
1.211949999999999932e+02 1.232057999999999993e+03 3.590953645163814933e-02
1.252543000000000006e+02 1.232057999999999993e+03 3.590953645163814933e-02
1.293111000000000104e+02 1.232057999999999993e+03 3.590953645163814933e-02
1.333653999999999940e+02 1.232057999999999993e+03 3.590953645163814933e-02
1.374173000000000116e+02 1.232057999999999993e+03 3.590953645163814933e-02
1.414667000000000030e+02 1.232057999999999993e+03 3.590953645163814933e-02
1.455137000000000000e+02 1.232057999999999993e+03 3.590953645163814933e-02
1.495581999999999994e+02 1.232057999999999993e+03 3.590953645163814933e-02
1.536002000000000010e+02 1.232057999999999993e+03 3.590953645163814933e-02
1.576398000000000081e+02 1.232057999999999993e+03 3.590953645163814933e-02
1.616768999999999892e+02 1.232057999999999993e+03 3.590953645163814933e-02
1.657116000000000042e+02 1.232057999999999993e+03 3.590953645163814933e-02
1.697437999999999931e+02 1.232057999999999993e+03 3.590953645163814933e-02
1.737735999999999876e+02 1.232057999999999993e+03 3.590953645163814933e-02
1.778009000000000128e+02 1.232057999999999993e+03 3.590953645163814933e-02
1.818257999999999868e+02 1.343467499999999973e+03 3.551163456966775073e-02
1.858481999999999914e+02 1.664588999999999942e+03 3.395695366962619977e-02
1.898683000000000050e+02 1.893961499999999887e+03 3.221845279425346320e-02
1.938857999999999890e+02 2.156101499999999760e+03 3.081771654943555802e-02
1.979010000000000105e+02 2.529651000000000295e+03 2.930625815706696877e-02
2.019137000000000057e+02 2.896647000000000389e+03 2.809376716066040724e-02
2.059240000000000066e+02 3.342284999999999854e+03 2.678635597866606613e-02
2.099318000000000097e+02 3.997634999999999764e+03 2.457476495164537950e-02
2.139371999999999900e+02 4.521914999999999964e+03 2.354149026299170999e-02
2.179402000000000044e+02 5.151051000000000386e+03 2.228222292945113148e-02
2.219407999999999959e+02 5.944024500000000444e+03 2.111245581536841734e-02
2.259388999999999896e+02 6.789425999999999476e+03 1.978021667500547490e-02
2.299346999999999923e+02 7.451329499999999825e+03 1.896311914187840536e-02
2.339279999999999973e+02 8.454014999999999418e+03 1.786068145651823619e-02
2.379189000000000078e+02 9.404272499999999127e+03 1.701602208295012464e-02
2.419073999999999955e+02 1.032176250000000073e+04 1.621528513734869087e-02
2.458934999999999889e+02 1.106886149999999907e+04 1.581174505736445898e-02
2.498771000000000129e+02 1.178974650000000111e+04 1.537698883362097202e-02
2.538583999999999889e+02 1.228125900000000001e+04 1.507254017890188522e-02
2.578373000000000275e+02 1.285796700000000055e+04 1.475030864053083340e-02
2.618136999999999830e+02 1.323807000000000153e+04 1.459166147513936591e-02
2.657878000000000043e+02 1.353297749999999905e+04 1.443802560214527651e-02
2.697594000000000278e+02 1.369681499999999869e+04 1.435653705429366239e-02
2.737287000000000035e+02 1.397206199999999990e+04 1.422897755483625362e-02
2.776954999999999814e+02 1.416866699999999946e+04 1.409251515773898671e-02
2.816600000000000250e+02 1.429318349999999919e+04 1.402272727082956756e-02
2.856220999999999890e+02 1.441770000000000073e+04 1.402272727082956756e-02
2.895817999999999870e+02 1.446357450000000063e+04 1.402272727082956756e-02
2.935391000000000190e+02 1.456187700000000041e+04 1.396287754284050719e-02
2.974940000000000282e+02 1.474537500000000000e+04 1.388913203120457386e-02
3.014465000000000146e+02 1.488955200000000150e+04 1.378496207054561752e-02
3.053967000000000098e+02 1.498785449999999946e+04 1.372244491356994223e-02
3.093444000000000074e+02 1.506649649999999929e+04 1.369992139422077440e-02
3.132898000000000138e+02 1.522378050000000076e+04 1.363577891627354433e-02
3.172327999999999975e+02 1.536795749999999862e+04 1.356161862608213677e-02
3.211734999999999900e+02 1.540072499999999854e+04 1.352093774663132471e-02
3.251116999999999848e+02 1.554490200000000004e+04 1.351284541408799555e-02
3.290475999999999885e+02 1.567597199999999975e+04 1.347260057514112000e-02
3.329812000000000012e+02 1.572184649999999965e+04 1.345926532434769604e-02
3.369123000000000161e+02 1.589223749999999927e+04 1.341158425028571473e-02
3.408410999999999831e+02 1.604952150000000074e+04 1.334359761812223266e-02
3.447676000000000158e+02 1.600364700000000084e+04 1.334619339630419010e-02
3.486917000000000257e+02 1.610850299999999879e+04 1.331772286502194355e-02
3.526134000000000128e+02 1.614782400000000052e+04 1.329713108948132362e-02
3.565326999999999771e+02 1.629855450000000019e+04 1.323845761091959998e-02
3.604497000000000071e+02 1.623301950000000033e+04 1.326132417023058452e-02
3.643643999999999892e+02 1.646239199999999983e+04 1.315810204236813122e-02
3.682767000000000053e+02 1.666555050000000119e+04 1.312093568800085965e-02
3.721866999999999734e+02 1.656069449999999779e+04 1.311846911486354815e-02
3.760942999999999756e+02 1.665899699999999939e+04 1.311354013888085465e-02
3.799995000000000118e+02 1.680317400000000271e+04 1.307430732055078586e-02
3.839024000000000001e+02 1.673108550000000105e+04 1.310615708107188727e-02
3.878029999999999973e+02 1.690802999999999884e+04 1.303058854092488915e-02
3.917013000000000034e+02 1.699322549999999683e+04 1.300648904084355031e-02
3.955971999999999866e+02 1.712429550000000017e+04 1.298252276096271106e-02
3.994907000000000039e+02 1.707842099999999846e+04 1.299209336510878839e-02
4.033820000000000050e+02 1.732745400000000154e+04 1.287629067738206567e-02
4.072708999999999833e+02 1.732090049999999974e+04 1.288796561919238783e-02
4.111573999999999955e+02 1.746507749999999942e+04 1.285071708574765312e-02
4.150416999999999916e+02 1.751095200000000114e+04 1.282068930639707581e-02
4.189236000000000217e+02 1.751750549999999930e+04 1.281838818651739181e-02
4.228032000000000039e+02 1.763546849999999904e+04 1.278173796658453251e-02
4.266804000000000201e+02 1.768789649999999892e+04 1.275672253158771814e-02
4.305554000000000201e+02 1.762236149999999907e+04 1.276807496111174306e-02
4.344279999999999973e+02 1.759614750000000276e+04 1.278173796658453251e-02
4.382982999999999834e+02 1.761580799999999726e+04 1.277717875903210815e-02
4.421662999999999784e+02 1.782552000000000044e+04 1.272059722711100377e-02
4.460319999999999823e+02 1.781241300000000047e+04 1.272734734550970241e-02
4.498953999999999951e+02 1.786484100000000035e+04 1.273185339887995642e-02
4.537563999999999851e+02 1.789105500000000029e+04 1.271610311030333014e-02
4.576152000000000157e+02 1.783862700000000041e+04 1.272509611221261765e-02
4.614716000000000236e+02 1.807455299999999988e+04 1.265589500635134340e-02
4.653258000000000152e+02 1.806144599999999991e+04 1.265589500635134340e-02
4.691775999999999840e+02 1.812698099999999977e+04 1.263381176669332688e-02
4.730271000000000186e+02 1.817285549999999785e+04 1.260308853818030775e-02
4.768743999999999801e+02 1.819906950000000143e+04 1.262061718161389470e-02
4.807192999999999756e+02 1.824494399999999951e+04 1.260527562514483085e-02
4.845620000000000118e+02 1.814664149999999790e+04 1.262720930386106340e-02
4.884023000000000252e+02 1.821873000000000320e+04 1.260090258923694459e-02
4.922404000000000224e+02 1.829737199999999939e+04 1.259217015396136771e-02
4.960761999999999716e+02 1.818596250000000146e+04 1.261842210077606871e-02
4.999096999999999866e+02 1.839567450000000099e+04 1.254662085763678242e-02
5.037409000000000106e+02 1.842188850000000093e+04 1.254446415442228568e-02
5.075697999999999865e+02 1.860538650000000052e+04 1.248877733891864267e-02
5.113964000000000283e+02 1.838256750000000102e+04 1.255958447830617455e-02
5.152208000000000538e+02 1.861849350000000049e+04 1.248665032241016992e-02
5.190429000000000315e+02 1.880854499999999825e+04 1.240662036782007836e-02
5.228627000000000180e+02 1.882165200000000186e+04 1.241915442089155767e-02
5.266802000000000135e+02 1.890029399999999805e+04 1.239204516054352549e-02
5.304954999999999927e+02 1.889374049999999988e+04 1.240662036782007836e-02
5.343084999999999809e+02 1.889374049999999988e+04 1.240245077591344003e-02
5.381191999999999780e+02 1.885441949999999997e+04 1.241706277381636296e-02
5.419275999999999840e+02 1.894616849999999977e+04 1.237959292645513659e-02
5.457337999999999738e+02 1.902481049999999959e+04 1.235274135432958172e-02
5.495376999999999725e+02 1.894616849999999977e+04 1.238166569213336454e-02
5.533393999999999551e+02 1.904447100000000137e+04 1.234862583152525860e-02
5.571387999999999465e+02 1.911655949999999939e+04 1.233015675056436944e-02
5.609358999999999469e+02 1.903791749999999956e+04 1.236098475955423742e-02
5.647308000000000447e+02 1.918209449999999924e+04 1.230973242521144796e-02
5.685234000000000378e+02 1.913621999999999753e+04 1.232197482746660508e-02
5.723138000000000147e+02 1.914932700000000114e+04 1.232197482746660508e-02
5.761019000000000005e+02 1.918209449999999924e+04 1.230769557032446344e-02
5.798877999999999702e+02 1.911000600000000122e+04 1.232810974187581107e-02
5.836713999999999487e+02 1.929350400000000081e+04 1.227322300493593338e-02
5.874528000000000247e+02 1.923452249999999913e+04 1.228940926057475735e-02
5.912318999999999960e+02 1.916243400000000111e+04 1.229143704860284105e-02
5.950087999999999511e+02 1.899859649999999965e+04 1.235892236114836604e-02
5.987835000000000036e+02 1.911655949999999939e+04 1.233015675056436944e-02
6.025558999999999514e+02 1.909689900000000125e+04 1.233835499399046562e-02
6.063260999999999967e+02 1.912311300000000119e+04 1.232401878117187280e-02
6.100940000000000509e+02 1.899859649999999965e+04 1.237338086973223915e-02
6.138596999999999753e+02 1.901170350000000326e+04 1.236717815522946767e-02
6.176231999999999971e+02 1.903791749999999956e+04 1.235274135432958172e-02
6.213845000000000027e+02 1.899859649999999965e+04 1.237545051612452297e-02
6.251435000000000173e+02 1.904447100000000137e+04 1.235068307865848716e-02
6.289003000000000156e+02 1.928039700000000084e+04 1.228130813295704241e-02
6.326548000000000229e+02 1.932627149999999892e+04 1.226515382391577154e-02
6.364071999999999889e+02 1.918864800000000105e+04 1.231177029169759109e-02
6.401572999999999638e+02 1.937869950000000244e+04 1.224505029651292223e-02
6.439052000000000362e+02 1.933282500000000073e+04 1.225508969337561760e-02
6.476508999999999787e+02 1.937214599999999700e+04 1.224906309370290235e-02
6.513944000000000187e+02 1.930005749999999898e+04 1.227524278985949943e-02
6.551355999999999540e+02 1.928039700000000084e+04 1.228130813295704241e-02
6.588746999999999616e+02 1.935903900000000067e+04 1.225911237186681595e-02
6.626114999999999782e+02 1.941146700000000055e+04 1.224104144052186836e-02
6.663461999999999534e+02 1.941146700000000055e+04 1.224104144052186836e-02
6.700786000000000513e+02 1.949010900000000038e+04 1.221906289413096473e-02
6.738088000000000193e+02 1.960151849999999831e+04 1.217743053155267638e-02
6.775367999999999711e+02 1.960807200000000012e+04 1.217151772201177998e-02
6.812626000000000204e+02 1.958185800000000017e+04 1.218730439235884977e-02
6.849862000000000535e+02 1.960807200000000012e+04 1.217545863767988817e-02
6.887075999999999567e+02 1.968016050000000178e+04 1.214208232771897891e-02
6.924269000000000460e+02 1.956875100000000020e+04 1.218730439235884977e-02
6.961439000000000306e+02 1.956875100000000020e+04 1.218532769874559364e-02
6.998586999999999989e+02 1.950976950000000215e+04 1.220315264923953029e-02
7.035712999999999511e+02 1.934593200000000070e+04 1.226313901423911265e-02
7.072817999999999756e+02 1.915588049999999930e+04 1.230362489200233223e-02
7.109900999999999840e+02 1.913621999999999753e+04 1.231584906281882850e-02
7.146961000000000013e+02 1.935903900000000067e+04 1.225307983855384100e-02
7.183999999999999773e+02 1.958841149999999834e+04 1.217151772201177998e-02
7.221017000000000507e+02 1.941146700000000055e+04 1.224304537627083148e-02
7.258011999999999944e+02 1.941146700000000055e+04 1.224304537627083148e-02
7.294986000000000104e+02 1.939836000000000058e+04 1.223303552636231112e-02
7.331938000000000102e+02 1.943112749999999869e+04 1.222903845534355043e-02
7.368867999999999938e+02 1.955564400000000023e+04 1.218730439235884977e-02
7.405775999999999613e+02 1.946389500000000044e+04 1.222105605341249242e-02
7.442662000000000262e+02 1.935903900000000067e+04 1.225307983855384100e-02
7.479527000000000498e+02 1.953598349999999846e+04 1.220116823542866276e-02
7.516369999999999436e+02 1.956219749999999840e+04 1.219126066722116958e-02
7.553191000000000486e+02 1.966705349999999817e+04 1.214991087935609476e-02
7.589990999999999985e+02 1.963428600000000006e+04 1.216561351709390636e-02
7.626769000000000460e+02 1.962773249999999825e+04 1.217743053155267638e-02
7.663526000000000522e+02 1.964083950000000186e+04 1.216168215052911353e-02
7.700261000000000422e+02 1.957530450000000201e+04 1.217940338381860547e-02
7.736974000000000160e+02 1.952943000000000029e+04 1.219324025003314972e-02
7.773665999999999485e+02 1.966705349999999817e+04 1.215187038438929508e-02
7.810335999999999785e+02 1.958185800000000017e+04 1.218335196663714905e-02
7.846984999999999673e+02 1.966050000000000000e+04 1.215775459281308833e-02
7.883612000000000535e+02 1.971292799999999988e+04 1.214208232771897891e-02
7.920217000000000098e+02 1.974569550000000163e+04 1.212452326961269838e-02
7.956801000000000386e+02 1.992919349999999758e+04 1.207806898665629049e-02
7.993364000000000260e+02 6.397829595342409448e+01 1.210897900261917633e-02
8.029904999999999973e+02 7.276291250887879869e+01 1.210704017000685702e-02
8.066425000000000409e+02 1.864491138218145352e+02 1.207806898665629049e-02
8.102922999999999547e+02 1.297903551814561069e+02 1.209349436840419061e-02
8.139400000000000546e+02 2.435690904057701118e+02 1.205312814567761556e-02
8.175855999999999995e+02 3.573947718182134849e+02 1.202454135198042541e-02
8.212290000000000418e+02 3.139838499618927017e+02 1.202454135198042541e-02
8.248703000000000429e+02 1.985322735754598398e+02 1.206845804458629885e-02
8.285094000000000278e+02 1.617709895684020012e+02 1.208384658516259251e-02
8.321464999999999463e+02 2.364679429959651316e+02 1.205695514312146374e-02
8.357812999999999874e+02 2.325720769680156081e+02 1.200559610411505197e-02
8.394140999999999622e+02 2.352793325574057235e+02 1.206462008677114048e-02
8.430447000000000344e+02 2.052691487734300608e+02 1.207999393192098897e-02
8.466731999999999516e+02 1.490954625347221736e+02 1.208770292691870724e-02
8.502996000000000549e+02 3.616662083795708895e+02 1.202834117553932061e-02
8.539239000000000033e+02 2.007388184378178266e+02 1.208191979784504870e-02
8.575460000000000491e+02 1.316122224023165472e+02 1.210316529707355579e-02
8.611660000000000537e+02 8.875184749978507170e+01 1.211674365811577989e-02
8.647839999999999918e+02 2.753166184611800418e+02 1.206270248045103119e-02
8.683997000000000526e+02 3.046504574915925332e+02 1.206078578821990349e-02
8.720134000000000469e+02 1.046652842395451444e+02 1.212063159136460115e-02
8.756250000000000000e+02 3.634790157658026146e+02 1.203785651693370373e-02
8.792344000000000506e+02 2.815650668393245724e+02 1.206845804458629885e-02
8.828418000000000347e+02 2.717943500360597682e+02 1.206653860790702845e-02
8.864470000000000027e+02 2.817392757061134034e+02 1.206270248045103119e-02
8.900502000000000180e+02 1.803302519404023769e+02 1.209156296307870547e-02
8.936512000000000171e+02 3.738846845367152127e+02 1.203214460367407410e-02
8.972500999999999749e+02 2.070529769652821415e+02 1.209929414223374737e-02
9.008469000000000051e+02 1.975620303337200312e+02 1.209542669954513129e-02
9.044416999999999689e+02 2.143422428926896828e+02 1.209542669954513129e-02
9.080343000000000302e+02 2.508405099342380709e+02 1.208384658516259251e-02
9.116248000000000502e+02 2.153082237550297577e+02 1.210510226840660723e-02
9.152133000000000038e+02 3.240112736190421856e+02 1.206270248045103119e-02
9.187996000000000549e+02 2.165075456541708263e+02 1.210122925526367112e-02
9.223839000000000397e+02 2.335794228137347091e+02 1.210122925526367112e-02
9.259660000000000082e+02 3.621202847719032434e+02 1.205695514312146374e-02
9.295461000000000240e+02 4.448465076218744798e+02 1.198110063021545595e-02
9.331240999999999985e+02 4.358839637045857671e+02 1.204548507062516705e-02
9.367000000000000455e+02 5.187310215678699024e+02 1.201884836277851594e-02
9.402739000000000260e+02 5.492110460560797947e+02 1.201127027352398222e-02
9.438455999999999904e+02 5.338778982680196350e+02 1.201884836277851594e-02
9.474153000000000020e+02 5.906949355143042339e+02 1.200370650056134525e-02
9.509828999999999724e+02 4.902900112740826444e+02 1.203214460367407410e-02
9.545484000000000151e+02 5.865524751511584327e+02 1.200748660032456908e-02
9.581118000000000166e+02 5.387006728294727509e+02 1.201884836277851594e-02
9.616731999999999516e+02 4.188234460279672930e+02 1.205887000935177387e-02
9.652324999999999591e+02 3.579911323237647593e+02 1.207614496131765441e-02
9.687897000000000389e+02 2.644550651057652431e+02 1.210122925526367112e-02
9.723449000000000524e+02 3.938020735276186315e+02 1.201695249584302030e-02
9.758979000000000497e+02 4.118039827221982705e+02 1.206078578821990349e-02
9.794489999999999554e+02 4.167636137532936118e+02 1.207229966748945074e-02
9.829978999999999587e+02 3.890207836321897048e+02 1.207422185517259550e-02
9.865448000000000093e+02 4.203248052680828550e+02 1.207037839753736380e-02
9.900896999999999935e+02 3.599454874833681970e+02 1.209349436840419061e-02
9.936323999999999614e+02 5.158976351593300933e+02 1.204930479010301453e-02
9.971731999999999516e+02 4.359900492501365079e+02 1.206845804458629885e-02
1.000711800000000039e+03 3.561490270582944504e+02 1.209349436840419061e-02
1.004248399999999947e+03 3.550168623783647490e+02 1.209735995724141311e-02
1.007783000000000015e+03 3.342913455089692434e+02 1.211091876698926727e-02
1.011315500000000043e+03 2.939727634607152140e+02 1.212257696198805294e-02
1.014846000000000004e+03 1.816333999012931599e+02 1.214599471136416226e-02
1.018374400000000037e+03 5.625503555867180694e+01 1.219126066722116958e-02
1.021900800000000004e+03 1.013359493444986583e+02 1.210704017000685702e-02
1.025425099999999929e+03 1.137179187559268030e+02 1.217545863767988817e-02
1.028947400000000016e+03 1.589362200146279065e+02 1.216758063061910804e-02
1.032467599999999948e+03 6.004662820509474841e+01 1.219522079747576218e-02
1.035985799999999927e+03 1.365441721568640787e+01 1.220116823542866276e-02
1.039501999999999953e+03 7.218785974447018816e+01 1.219918478938850255e-02
1.043016100000000051e+03 -4.615327276108291699e+01 1.223903848846059905e-02
1.046528199999999970e+03 7.805529003140327404e+01 1.220315264923953029e-02
1.050038199999999961e+03 2.538981747405341594e+01 1.221707070973782408e-02
1.053546199999999999e+03 -7.544422123675758485e+00 1.223103650101579204e-02
1.057052200000000084e+03 1.889648385728942230e+02 1.217348770142453671e-02
1.060556199999999990e+03 1.102983659253222868e+02 1.219918478938850255e-02
1.064058099999999968e+03 3.003969252575006976e+02 1.213231788518451607e-02
1.067557999999999993e+03 1.628922807903327339e+02 1.218928204825703646e-02
1.071055900000000065e+03 2.417251955757456017e+02 1.216954869866766417e-02
1.074551799999999957e+03 1.567929314955035807e+02 1.219720231033269257e-02
1.078045599999999922e+03 1.047007495214384107e+02 1.221308926243973823e-02
1.081537499999999909e+03 1.575374093196151080e+02 1.219720231033269257e-02
1.085027299999999968e+03 1.580191695091016300e+02 1.219324025003314972e-02
1.088515100000000075e+03 1.126997872646825272e+02 1.221906289413096473e-02
1.092000800000000027e+03 -2.429498181906092213e+01 1.226515382391577154e-02
1.095484600000000000e+03 -3.931883798773924354e+00 1.225107097226629457e-02
1.098966300000000047e+03 9.514733348024310544e+01 1.222903845534355043e-02
1.102446099999999888e+03 4.249420311527501326e+00 1.226112519716103869e-02
1.105923800000000028e+03 1.165846250541071640e+02 1.222105605341249242e-02
1.109399499999999989e+03 2.421016941240050073e+02 1.218928204825703646e-02
1.112873199999999997e+03 1.055538720505210222e+02 1.223503553218395837e-02
1.116345000000000027e+03 3.229704016628311365e+02 1.217151772201177998e-02
1.119814699999999903e+03 3.831785241447760200e+02 1.214403804687923596e-02
1.123282400000000052e+03 3.779274790888775897e+02 1.216168215052911353e-02
1.126748100000000022e+03 3.072175046151496645e+02 1.217940338381860547e-02
1.130211800000000039e+03 2.693513372925226577e+02 1.219324025003314972e-02
1.133673500000000104e+03 2.512222121250633791e+02 1.220513803160835561e-02
1.137133199999999988e+03 1.872953624718902574e+02 1.223103650101579204e-02
1.140590999999999894e+03 2.151945199663314270e+02 1.222704138854565845e-02
1.144046700000000101e+03 1.579754145653751038e+02 1.224304537627083148e-02
1.147500399999999900e+03 5.495927446728455834e+01 1.227120421669875179e-02
1.150952199999999948e+03 1.682863260284284479e+02 1.223903848846059905e-02
1.154402000000000044e+03 2.096027937448961893e+02 1.223103650101579204e-02
1.157849699999999984e+03 1.592484001022457960e+02 1.224705620205451644e-02
1.161295499999999947e+03 4.343736575213551987e+01 1.228535669351961228e-02
1.164739399999999932e+03 1.701844094260777638e+02 1.225307983855384100e-02
1.168181199999999990e+03 1.987077479139225034e+02 1.223903848846059905e-02
1.171621000000000095e+03 1.421145961070724297e+02 1.226918642432850426e-02
1.175058899999999994e+03 1.642426669098749699e+02 1.226313901423911265e-02
1.178494799999999941e+03 3.109666712157195434e+02 1.222105605341249242e-02
1.181928699999999935e+03 2.283978178823817871e+02 1.225107097226629457e-02
1.185360699999999952e+03 3.359603137065350893e+02 1.221707070973782408e-02
1.188790700000000015e+03 2.732118633319660148e+02 1.223703651928249349e-02
1.192218699999999899e+03 2.236506691569411487e+02 1.225710053754263014e-02
1.195644700000000057e+03 1.872769314374454552e+02 1.227322300493593338e-02
1.199068800000000010e+03 2.820538481929688714e+02 1.223903848846059905e-02
1.202490900000000011e+03 1.999671151114926033e+02 1.227726357228982323e-02
1.205911000000000058e+03 2.097104252570679819e+02 1.227322300493593338e-02
1.209329199999999901e+03 8.191146890765594435e+01 1.230769557032446344e-02
1.212745400000000018e+03 1.770129334577068221e+02 1.228738247582268975e-02
1.216159699999999930e+03 3.180705032543919515e+02 1.225107097226629457e-02
1.219571999999999889e+03 2.167303594329678162e+02 1.228333191283943922e-02
1.222982299999999896e+03 2.793096798169463000e+02 1.226918642432850426e-02
1.226390699999999924e+03 3.878456386207726609e+02 1.222704138854565845e-02
1.229797100000000000e+03 4.636964063483283098e+02 1.222305018837777785e-02
1.233201600000000099e+03 4.675411496250562777e+02 1.222105605341249242e-02
1.236604100000000017e+03 5.697710310947732069e+02 1.218532769874559364e-02
1.240004699999999957e+03 7.245117091846586845e+02 1.214599471136416226e-02
1.243403299999999945e+03 6.499628380004396604e+02 1.217151772201177998e-02
1.246799899999999980e+03 5.951575667619799788e+02 1.219324025003314972e-02
1.250194700000000012e+03 5.797565396968202549e+02 1.219720231033269257e-02
1.253587500000000091e+03 6.365273959328951605e+02 1.218335196663714905e-02
1.256978299999999990e+03 5.426512693904005573e+02 1.221308926243973823e-02
1.260367199999999912e+03 5.078402886728217709e+02 1.222903845534355043e-02
1.263754200000000083e+03 3.813640768916047818e+02 1.227322300493593338e-02
1.267139200000000073e+03 6.547352510967757553e+02 1.218730439235884977e-02
1.270522300000000087e+03 4.432314220999251120e+02 1.226112519716103869e-02
1.273903399999999920e+03 5.988076941653125687e+02 1.221109999794858444e-02
1.277282600000000002e+03 5.709701648966765788e+02 1.222105605341249242e-02
1.280659900000000107e+03 7.136079251232731622e+02 1.217743053155267638e-02
1.284035300000000007e+03 6.072970589816432039e+02 1.221906289413096473e-02
1.287408699999999953e+03 6.976756437999392801e+02 1.219720231033269257e-02
1.290780199999999923e+03 7.357107500469101069e+02 1.219126066722116958e-02
1.294149799999999914e+03 7.541699417388517759e+02 1.218928204825703646e-02
1.297517399999999952e+03 8.120347763213867438e+02 1.217348770142453671e-02
1.300883100000000013e+03 8.568773045504058246e+02 1.216364735732072822e-02
1.304246900000000096e+03 7.051995703721586324e+02 1.221109999794858444e-02
1.307608799999999974e+03 8.223001108025237045e+02 1.217940338381860547e-02
1.310968800000000101e+03 7.297734558053998626e+02 1.220911170517338315e-02
1.314326800000000048e+03 8.011691281702551350e+02 1.219126066722116958e-02
1.317682900000000018e+03 7.219191436509645428e+02 1.221109999794858444e-02
1.321037100000000009e+03 6.493075108416815056e+02 1.223703651928249349e-02
1.324389400000000023e+03 4.391572311173658818e+02 1.231584906281882850e-02
1.327739800000000059e+03 5.239992985079661594e+02 1.229549563779999515e-02
1.331088299999999890e+03 6.154796995717078971e+02 1.227322300493593338e-02
1.334434799999999996e+03 5.366539132675970905e+02 1.229955825004956822e-02
1.337779500000000098e+03 6.938389108269911958e+02 1.225307983855384100e-02
1.341122200000000021e+03 7.003781556243957311e+02 1.225508969337561760e-02
1.344463099999999940e+03 8.249651031129105831e+02 1.221707070973782408e-02
1.347801999999999907e+03 8.054597006932999648e+02 1.222305018837777785e-02
1.351139100000000099e+03 8.319133875822335540e+02 1.222903845534355043e-02
1.354474200000000110e+03 8.322375948107037402e+02 1.223103650101579204e-02
1.357807399999999916e+03 9.375022452216835518e+02 1.220116823542866276e-02
1.361138799999999947e+03 9.314417533357700449e+02 1.220513803160835561e-02
1.364468200000000024e+03 9.058050252160574018e+02 1.222305018837777785e-02
1.367795800000000099e+03 9.916619583320716629e+02 1.219720231033269257e-02
1.371121399999999994e+03 9.268724414229800459e+02 1.221308926243973823e-02
1.374445200000000114e+03 1.012897354359905876e+03 1.219324025003314972e-02
1.377767000000000053e+03 1.059685067876314861e+03 1.218137719525427126e-02
1.381086999999999989e+03 8.968444434286866453e+02 1.224104144052186836e-02
1.384405099999999948e+03 8.848178329252114054e+02 1.225107097226629457e-02
1.387721299999999928e+03 9.121955787158403837e+02 1.224505029651292223e-02
1.391035599999999931e+03 9.789775133193434158e+02 1.222903845534355043e-02
1.394348099999999931e+03 9.344329592150243116e+02 1.224705620205451644e-02
1.397658599999999979e+03 9.423992286992361187e+02 1.224304537627083148e-02
1.400967300000000023e+03 1.061857623740972485e+03 1.220911170517338315e-02
1.404274100000000089e+03 1.128970435836701654e+03 1.219918478938850255e-02
1.407578999999999951e+03 9.209184458643067046e+02 1.226313901423911265e-02
1.410882000000000062e+03 1.152032924001796346e+03 1.219918478938850255e-02
1.414183199999999943e+03 1.009679629710699373e+03 1.224906309370290235e-02
1.417482500000000073e+03 1.195082811653108365e+03 1.219918478938850255e-02
1.420779899999999998e+03 1.203622707673446712e+03 1.219126066722116958e-02
1.424075499999999920e+03 1.277778544648350362e+03 1.218137719525427126e-02
1.427369099999999889e+03 1.338908038335721358e+03 1.216364735732072822e-02
1.430660900000000083e+03 1.177298893223003688e+03 1.222105605341249242e-02
1.433950900000000047e+03 1.323784302964424569e+03 1.210704017000685702e-02
1.437239000000000033e+03 1.109906950293199770e+03 1.224304537627083148e-02
1.440525200000000041e+03 1.125481506932901539e+03 1.225107097226629457e-02
1.443809500000000071e+03 1.232884133508036030e+03 1.222305018837777785e-02
1.447092000000000098e+03 9.930299793883168604e+02 1.229346584073493995e-02
1.450372599999999920e+03 1.021947682532092585e+03 1.228940926057475735e-02
1.453651399999999967e+03 1.037836370836372225e+03 1.229752644062791569e-02
1.456928300000000036e+03 9.423931619786890224e+02 1.226918642432850426e-02
1.460203400000000101e+03 1.010864663389282214e+03 1.231584906281882850e-02
1.463476599999999962e+03 9.811104720914518111e+02 1.232606375236012554e-02
1.466747900000000072e+03 9.186651746066345368e+02 1.235686099471569079e-02
1.470017399999999952e+03 9.545983467932128406e+02 1.234656961207356712e-02
1.473285000000000082e+03 1.102016553750112507e+03 1.230159106689677866e-02
1.476550799999999981e+03 1.013583849719550926e+03 1.233835499399046562e-02
1.479814800000000105e+03 1.121830778054689290e+03 1.230973242521144796e-02
1.483076900000000023e+03 1.158063371186428412e+03 1.229955825004956822e-02
1.486337099999999964e+03 1.181262650655055040e+03 1.229346584073493995e-02
1.489595499999999902e+03 1.309391127206639794e+03 1.226918642432850426e-02
1.492852100000000064e+03 1.155791800692139077e+03 1.231788996913208735e-02
1.496106800000000021e+03 1.277511660096777632e+03 1.227928535304824778e-02
1.499359699999999975e+03 1.065074683437680505e+03 1.235686099471569079e-02
1.502610799999999927e+03 1.147616337595231016e+03 1.233835499399046562e-02
1.505859999999999900e+03 1.145033078340329666e+03 1.233425382884676021e-02
1.509107400000000098e+03 1.188394350164326170e+03 1.233015675056436944e-02
1.512352900000000091e+03 9.958990861082420452e+02 1.240036755581376549e-02
1.515596600000000080e+03 1.163915207918973465e+03 1.234451441944808131e-02
1.518838500000000067e+03 9.715571260082106164e+02 1.241915442089155767e-02
1.522078600000000051e+03 9.955322406558007060e+02 1.241915442089155767e-02
1.525316800000000057e+03 1.013020942360490153e+03 1.241706277381636296e-02
1.528553200000000061e+03 1.030576111665708595e+03 1.241706277381636296e-02
1.531787700000000086e+03 1.041643618984682689e+03 1.241497218321752430e-02
1.535020500000000084e+03 1.059329824490429019e+03 1.241497218321752430e-02
1.538251400000000103e+03 1.077080577939526847e+03 1.241288264820596988e-02
1.541480499999999893e+03 1.094895218495268637e+03 1.241288264820596988e-02
1.544707799999999907e+03 1.106219574550144898e+03 1.241079416789368610e-02
1.547933199999999943e+03 1.124159963547695952e+03 1.240870674139369668e-02
1.551156899999999951e+03 1.142162191803738096e+03 1.240870674139369668e-02
1.554378699999999981e+03 1.160225554326952988e+03 1.240662036782007836e-02
1.557598700000000008e+03 1.171795834704400477e+03 1.240662036782007836e-02
1.560816900000000032e+03 1.189979304920900177e+03 1.240453504628794175e-02
1.564033300000000054e+03 1.208221725177791086e+03 1.240453504628794175e-02
1.567247800000000097e+03 1.252736343711105292e+03 1.241079416789368610e-02
1.570460600000000113e+03 1.257987396674674528e+03 1.241497218321752430e-02
1.573671599999999899e+03 1.223974107957106753e+03 1.242334088803251531e-02
1.576880699999999933e+03 1.019625688998217811e+03 1.249516491618680135e-02
1.580087999999999965e+03 1.077472338998071791e+03 1.248027578766864980e-02
1.583293599999999969e+03 1.089498746567300259e+03 1.248665032241016992e-02
1.586497299999999996e+03 9.967225896073177864e+02 1.252725047337434512e-02
1.589699200000000019e+03 8.515710354522307171e+02 1.258345584831282137e-02
1.592899400000000014e+03 9.227367414689360885e+02 1.255093760328580138e-02
1.596097700000000032e+03 8.825438557221968949e+02 1.257258836563235858e-02
1.599294200000000046e+03 8.882755167872928723e+02 1.258563272850354159e-02
1.602488900000000058e+03 8.940563538242531649e+02 1.259435156067395707e-02
1.605681900000000041e+03 8.736714864550085622e+02 1.260090258923694459e-02
1.608873000000000047e+03 9.909575247711291013e+02 1.256608137561712225e-02
1.612062400000000025e+03 9.051315692755124473e+02 1.259435156067395707e-02
1.615249900000000025e+03 1.048723710823625879e+03 1.254877867360555156e-02
1.618435699999999997e+03 1.035076530498758075e+03 1.257041824593627469e-02
1.621619699999999966e+03 1.119775599552303902e+03 1.255309764763589374e-02
1.624801899999999932e+03 1.138982479343656451e+03 1.255093760328580138e-02
1.627982299999999896e+03 9.878402212140936172e+02 1.260090258923694459e-02
1.631160900000000083e+03 1.059557866622373695e+03 1.258781073885617899e-02
1.634337700000000041e+03 9.936919470178254414e+02 1.261622816489914138e-02
1.637512799999999970e+03 9.278649837784614647e+02 1.264263118261327139e-02
1.640686099999999897e+03 9.865924883453990333e+02 1.262501078215834405e-02
1.643857600000000048e+03 8.356449624879132898e+02 1.268923807372318059e-02
1.647027299999999968e+03 7.895893985025541042e+02 1.271610311030333014e-02
1.650195200000000114e+03 7.304617803294277110e+02 1.272959977404614432e-02
1.653361400000000003e+03 6.910285840127507981e+02 1.276580205055325920e-02
1.656525799999999890e+03 5.598792782921336766e+02 1.280919608193866778e-02
1.659688400000000001e+03 5.991528248002978216e+02 1.280690114398565574e-02
1.662849200000000110e+03 7.695271778672649816e+02 1.274087988239515183e-02
1.666008299999999963e+03 7.498797844553300820e+02 1.276580205055325920e-02
1.669165600000000040e+03 6.712795839625687222e+02 1.280231496616841477e-02
1.672321200000000090e+03 7.762050080916669685e+02 1.277262442676871390e-02
1.675474899999999934e+03 7.500869807839480927e+02 1.277490098403245670e-02
1.678626899999999978e+03 8.091899180876316677e+02 1.277490098403245670e-02
1.681777199999999993e+03 8.748707280913149589e+02 1.275445567727722523e-02
1.684925600000000031e+03 8.947003107917371381e+02 1.274540032954196364e-02
1.688072400000000016e+03 9.342125582233529713e+02 1.275219003098929625e-02
1.691217300000000023e+03 9.147643543255690020e+02 1.275672253158771814e-02
1.694360500000000002e+03 8.756755751374766987e+02 1.277717875903210815e-02
1.697501999999999953e+03 8.431590885990517563e+02 1.279773371178441650e-02
1.700641599999999926e+03 6.730367543523097993e+02 1.285767658643963661e-02
1.703779600000000073e+03 7.912849236076763191e+02 1.282299166599297317e-02
1.706915700000000015e+03 7.653714398621777946e+02 1.285071708574765312e-02
1.710050199999999904e+03 6.215091391587448015e+02 1.291141109176353712e-02
1.713182800000000043e+03 6.087298504109021451e+02 1.291611555943350011e-02
1.716313699999999926e+03 6.156228963170833595e+02 1.292318191296263144e-02
1.719442900000000009e+03 4.586890934884286253e+02 1.298491342901740217e-02
1.722570300000000088e+03 5.114767523798582260e+02 1.297297327621267302e-02
1.725695999999999913e+03 5.052911785317483009e+02 1.298013341286831206e-02
1.728819899999999961e+03 5.056661726318343426e+02 1.298969872987231801e-02
1.731942099999999982e+03 4.929400303804759460e+02 1.299928522470475238e-02
1.735062599999999975e+03 4.015765424213714141e+02 1.303542453609636206e-02
1.738181299999999965e+03 4.412864944688444666e+02 1.302817256082793550e-02
1.741298199999999952e+03 4.154636680248404446e+02 1.297058919583304187e-02
1.744413500000000113e+03 3.437673403750668513e+02 1.308897832646129661e-02
1.747526900000000069e+03 3.572662845195409318e+02 1.309387964785624706e-02
1.750638699999999972e+03 4.887267690375774691e+02 1.303542453609636206e-02
1.753748700000000099e+03 3.908120579528222152e+02 1.308897832646129661e-02
1.756856999999999971e+03 4.501774107948840538e+02 1.306699029321495113e-02
1.759963500000000067e+03 5.423050823988123739e+02 1.304026591956359941e-02
1.763068400000000111e+03 5.230168227702415606e+02 1.305482250000594355e-02
1.766171499999999924e+03 5.495953772126267722e+02 1.304996489146568149e-02
1.769272799999999961e+03 4.647554863890909473e+02 1.308652972886687436e-02
1.772372399999999971e+03 5.896173861876868614e+02 1.305482250000594355e-02
1.775470299999999952e+03 3.212578075867895677e+02 1.316059104306047285e-02
1.778566499999999905e+03 1.446344767171740386e+02 1.324099249990614950e-02
1.781661000000000058e+03 2.760116164970258978e+02 1.319056964920115732e-02
1.784753699999999981e+03 2.631964472840973031e+02 1.321066957651619023e-02
1.787844700000000103e+03 2.241506870037301269e+02 1.323339219745277295e-02
1.790933999999999969e+03 2.702825512769722991e+02 1.321823077311532965e-02
1.794021600000000035e+03 1.656647534833773534e+02 1.325877758851334680e-02
1.797107500000000073e+03 1.855430047584195563e+02 1.325877758851334680e-02
1.800191600000000108e+03 2.053995145809603855e+02 1.325877758851334680e-02
1.803273999999999887e+03 2.252329905744390999e+02 1.325877758851334680e-02
1.806354700000000093e+03 2.450421383083030378e+02 1.325623247329870899e-02
1.809433700000000044e+03 2.648256610996832023e+02 1.325623247329870899e-02
1.812510999999999967e+03 2.845822598152935825e+02 1.325623247329870899e-02
1.815586600000000089e+03 3.043106326736015035e+02 1.325623247329870899e-02
1.818660499999999956e+03 3.240094750472544547e+02 1.325623247329870899e-02
1.821732600000000048e+03 3.436774792658052320e+02 1.325623247329870899e-02
1.824803100000000086e+03 3.633133344187190232e+02 1.325623247329870899e-02
1.827871799999999894e+03 3.829157261586879031e+02 1.325623247329870899e-02
1.830938900000000103e+03 3.238413365052874724e+02 1.329713108948132362e-02
1.834004200000000083e+03 3.564798436489290907e+02 1.328430963139466507e-02
1.837067900000000009e+03 2.449039224105599715e+02 1.334100335395498743e-02
1.840129799999999932e+03 2.053777441773891042e+02 1.334619339630419010e-02
1.843190100000000029e+03 2.575604778876186174e+02 1.334359761812223266e-02
1.846248599999999897e+03 1.982922900980047416e+02 1.338007696106861648e-02
1.849305399999999963e+03 1.520883451173722278e+02 1.340105710247027973e-02
1.852360599999999977e+03 2.041428052716455568e+02 1.338269409106158069e-02
1.855414099999999962e+03 1.381888310382000782e+02 1.341949591211842076e-02
1.858465799999999945e+03 -6.543541881932105753e+01 1.350745859090639149e-02
1.861515900000000101e+03 6.512071308084523480e+01 1.346993035401190461e-02
1.864564300000000003e+03 6.455738366071636847e+01 1.348329736172112873e-02
1.867611000000000104e+03 -8.145250612289601122e+00 1.351554124362386138e-02
1.870655999999999949e+03 -7.434632709598190559e+01 1.354801756095532113e-02
1.873699299999999994e+03 3.634409822287670977e+01 1.351823868726784866e-02
1.876740900000000011e+03 9.356969249043686432e+00 1.353716612344252855e-02
1.879780899999999974e+03 -7.011317490401233954e+01 1.357799410231444806e-02
1.882819099999999935e+03 1.091569687307128333e+00 1.355889513602031964e-02
1.885855700000000070e+03 1.325878362149160239e+01 1.355617328612116618e-02
1.888890599999999949e+03 -1.384678979383061233e+02 1.362747875587195547e-02
1.891923800000000028e+03 4.656486002077144803e+00 1.357252902094904616e-02
1.894955400000000054e+03 1.665453581126530480e+01 1.357526073658925879e-02
1.897985200000000077e+03 2.382370809047642979e+00 1.358620411663048061e-02
1.901013400000000047e+03 1.545315300000000025e+04 1.359717400466446333e-02
1.904039999999999964e+03 1.523688750000000073e+04 1.370273077011295929e-02
1.907064800000000105e+03 1.521067350000000079e+04 1.370835471074379960e-02
1.910087999999999965e+03 1.519756649999999900e+04 1.370273077011295929e-02
1.913109500000000025e+03 1.519101300000000083e+04 1.372244491356994223e-02
1.916129300000000057e+03 1.510581750000000102e+04 1.374507988963574907e-02
1.919147400000000061e+03 1.505338949999999932e+04 1.377353175177199046e-02
1.922163900000000012e+03 1.504683599999999933e+04 1.377353175177199046e-02
1.925178799999999910e+03 1.503372899999999936e+04 1.378210182317163301e-02
1.928191900000000032e+03 1.493542649999999958e+04 1.382230808186130783e-02
1.931203400000000101e+03 1.482401700000000164e+04 1.387452265298329442e-02
1.934213199999999915e+03 1.477814249999999993e+04 1.389791984102475841e-02
1.937221399999999903e+03 1.481746349999999984e+04 1.388036087022167728e-02
1.940227900000000091e+03 1.483712399999999980e+04 1.386577912350261260e-02
1.943232799999999997e+03 1.480435649999999987e+04 1.388620646360367271e-02
1.946236000000000104e+03 1.478469599999999991e+04 1.387160630557262957e-02
1.949237499999999955e+03 1.483712399999999980e+04 1.386286828498549568e-02
1.952237399999999980e+03 1.486333799999999974e+04 1.385414675641855227e-02
1.955235599999999977e+03 1.488955200000000150e+04 1.383964738378425791e-02
1.958232199999999921e+03 1.484367749999999978e+04 1.386577912350261260e-02
1.961227100000000064e+03 1.487644499999999971e+04 1.384834154067806321e-02
1.964220299999999952e+03 1.488299849999999969e+04 1.383964738378425791e-02
1.967211999999999989e+03 1.489610549999999967e+04 1.383964738378425791e-02
1.970201900000000023e+03 1.484367749999999978e+04 1.385995927891318404e-02
1.973190200000000004e+03 1.472571450000000004e+04 1.390966291015915436e-02
1.976176899999999932e+03 1.466673300000000017e+04 1.394211047667832243e-02
1.979161900000000060e+03 1.466017950000000019e+04 1.394211047667832243e-02
1.982145299999999907e+03 1.458153750000000036e+04 1.398075194001516253e-02
1.985127099999999928e+03 1.445046750000000065e+04 1.403177127516920010e-02
1.988107199999999921e+03 1.449634200000000055e+04 1.401370073158019099e-02
1.991085600000000113e+03 1.440459299999999894e+04 1.406204481904485375e-02
1.994062400000000025e+03 1.450289550000000054e+04 1.400469160128125362e-02
1.997037600000000111e+03 1.437182549999999901e+04 1.407420921995196188e-02
2.000011199999999917e+03 1.437182549999999901e+04 1.407725525596207825e-02
2.002983099999999922e+03 1.454877000000000044e+04 1.399270641157941177e-02
2.005953299999999899e+03 1.429973700000000099e+04 1.398672534423559509e-02
2.008922000000000025e+03 1.436527200000000084e+04 1.407420921995196188e-02
2.011888999999999896e+03 1.437837900000000081e+04 1.406204481904485375e-02
2.014854299999999967e+03 1.417522049999999945e+04 1.416025322196150758e-02
2.017818099999999959e+03 1.435871849999999904e+04 1.404991190494883808e-02
2.020780199999999923e+03 1.428662999999999920e+04 1.409557309748589275e-02
2.023740700000000061e+03 1.422764849999999933e+04 1.413859434933552144e-02
2.026699499999999944e+03 1.409657850000000144e+04 1.419449061350217325e-02
2.029656799999999976e+03 1.426696950000000106e+04 1.412318443265920924e-02
2.032612399999999980e+03 1.413589949999999953e+04 1.417578492918825268e-02
2.035566399999999931e+03 1.407691799999999967e+04 1.420700228681145462e-02
2.038518700000000081e+03 1.414900650000000132e+04 1.417267449910600968e-02
2.041469499999999925e+03 1.392618750000000000e+04 1.427641288217148217e-02
2.044418599999999969e+03 1.386065250000000015e+04 1.427959213015258556e-02
2.047366099999999960e+03 1.391308050000000003e+04 1.427959213015258556e-02
2.050311999999999898e+03 1.372302900000000045e+04 1.435977014453941950e-02
2.053256199999999808e+03 1.374924299999999857e+04 1.435977014453941950e-02
2.056198899999999867e+03 1.357885199999999895e+04 1.444789775755664016e-02
2.059139900000000125e+03 1.365749400000000060e+04 1.440853011556375921e-02
2.062079299999999876e+03 1.353297749999999905e+04 1.447432283269028952e-02
2.065017199999999775e+03 1.342812149999999929e+04 1.453096097936425538e-02
2.067953399999999874e+03 1.341501449999999932e+04 1.453766809302829352e-02
2.070887999999999920e+03 1.335603300000000127e+04 1.454774620036906538e-02
2.073820900000000165e+03 1.336258649999999943e+04 1.454102513454470259e-02
2.076752300000000105e+03 1.341501449999999932e+04 1.452761090186051318e-02
2.079682099999999991e+03 1.331671199999999953e+04 1.458149188755822855e-02
2.082610200000000077e+03 1.329049800000000141e+04 1.459166147513936591e-02
2.085536799999999857e+03 1.330360500000000138e+04 1.457810674720209400e-02
2.088461800000000039e+03 1.322496299999999974e+04 1.463255364725835062e-02
2.091385099999999966e+03 1.331671199999999953e+04 1.457810674720209400e-02
2.094306900000000041e+03 1.335603300000000127e+04 1.454774620036906538e-02
2.097226999999999862e+03 1.332981899999999951e+04 1.457472396336557952e-02
2.100145599999999831e+03 1.334947949999999946e+04 1.456121633862556171e-02
2.103062500000000000e+03 1.327739099999999962e+04 1.459505606899130434e-02
2.105977899999999863e+03 1.341501449999999932e+04 1.450422505794984711e-02
2.108891700000000128e+03 1.327739099999999962e+04 1.459166147513936591e-02
2.111803800000000138e+03 1.321840949999999975e+04 1.462571440704025887e-02
2.114714399999999841e+03 1.336913999999999942e+04 1.453431337552821626e-02
2.117623399999999947e+03 1.323807000000000153e+04 1.459505606899130434e-02
2.120530799999999999e+03 1.319874899999999980e+04 1.461888474782731262e-02
2.123436599999999999e+03 1.316598149999999987e+04 1.464969381202782354e-02
2.126340799999999945e+03 1.310700000000000000e+04 1.466689435078319566e-02
2.129243500000000040e+03 1.293660900000000038e+04 1.475732424551277379e-02
2.132144499999999880e+03 1.298903699999999844e+04 1.473980396835649492e-02
2.135043999999999869e+03 1.286452050000000054e+04 1.478548710366009260e-02
2.137941899999999805e+03 1.294316250000000036e+04 1.473630739519180867e-02
2.140838099999999940e+03 1.277277149999999892e+04 1.485660577811540387e-02
2.143732899999999972e+03 1.287107399999999870e+04 1.480671538035474230e-02
2.146626000000000204e+03 1.277932500000000073e+04 1.483872993747226143e-02
2.149517499999999927e+03 1.281209250000000065e+04 1.482447563068807136e-02
2.152407499999999800e+03 1.274000399999999900e+04 1.486377422522885267e-02
2.155295900000000074e+03 1.278587849999999889e+04 1.485302544169081126e-02
2.158182699999999841e+03 1.274655750000000080e+04 1.487095305888826678e-02
2.161068000000000211e+03 1.277277149999999892e+04 1.484229994352354552e-02
2.163951599999999871e+03 1.265480849999999919e+04 1.491424559024649189e-02
2.166833700000000135e+03 1.272034349999999904e+04 1.488174083909473387e-02
2.169714300000000094e+03 1.279898550000000068e+04 1.483516250625410704e-02
2.172593199999999797e+03 1.279243200000000070e+04 1.482447563068807136e-02
2.175470600000000104e+03 1.272689700000000084e+04 1.485660577811540387e-02
2.178346399999999903e+03 1.269412950000000092e+04 1.488534198635593428e-02
2.181220699999999852e+03 1.260893399999999929e+04 1.492512793068766393e-02
2.184093299999999999e+03 1.253684549999999945e+04 1.496157518381258794e-02
2.186964500000000044e+03 1.239266849999999977e+04 1.503156693074055375e-02
2.189833999999999833e+03 1.243198949999999968e+04 1.491787039175590003e-02
2.192702000000000226e+03 1.226815200000000004e+04 1.512139781166634347e-02
2.195568400000000111e+03 1.220261700000000019e+04 1.516692144043569820e-02
2.198433300000000145e+03 1.218295650000000023e+04 1.518601134281902416e-02
2.201296600000000126e+03 1.209120750000000044e+04 1.523212281941868293e-02
2.204158300000000054e+03 1.207810049999999865e+04 1.523984897909349927e-02
2.207018500000000131e+03 1.209120750000000044e+04 1.523212281941868293e-02
2.209877199999999903e+03 1.189460249999999905e+04 1.535321609768354641e-02
2.212734199999999873e+03 1.189460249999999905e+04 1.535717056422631309e-02
2.215589800000000196e+03 1.194703049999999894e+04 1.530208445592001060e-02
2.218443699999999808e+03 1.188804900000000089e+04 1.533742872477020756e-02
2.221296200000000226e+03 1.184217449999999917e+04 1.536905232272654451e-02
2.224146999999999935e+03 1.178319299999999930e+04 1.542086050289718201e-02
2.226996299999999792e+03 1.175697899999999936e+04 1.544092669291197498e-02
2.229844099999999798e+03 1.166522999999999956e+04 1.548940695880505168e-02
2.232690300000000207e+03 1.170455100000000130e+04 1.546510983489199353e-02
2.235534999999999854e+03 1.173731850000000122e+04 1.543289082107294000e-02
2.238378099999999904e+03 1.180940699999999924e+04 1.539688402739080794e-02
2.241219700000000103e+03 1.181596049999999923e+04 1.539289881080343689e-02
2.244059699999999793e+03 1.173076499999999942e+04 1.544897513061926388e-02
2.246898200000000088e+03 1.169799749999999949e+04 1.544092669291197498e-02
2.249735200000000077e+03 1.168489049999999952e+04 1.546915141599715729e-02
2.252570600000000013e+03 1.158003449999999975e+04 1.553015790257357941e-02
2.255404500000000098e+03 1.161280199999999968e+04 1.551381896285522477e-02
2.258236800000000130e+03 1.158658800000000156e+04 1.553015790257357941e-02
2.261067599999999857e+03 1.150794599999999991e+04 1.558361815672422608e-02
2.263896799999999985e+03 1.142930400000000009e+04 1.562511921065381018e-02
2.266724600000000009e+03 1.146207150000000001e+04 1.560847903637978783e-02
2.269550799999999981e+03 1.134410850000000028e+04 1.568378170417687734e-02
2.272375399999999900e+03 1.144241100000000006e+04 1.561679247453854821e-02
2.275198499999999967e+03 1.127201999999999862e+04 1.573034005750692174e-02
2.278020100000000184e+03 1.127857350000000042e+04 1.569643842314657686e-02
2.280840200000000095e+03 1.133755499999999847e+04 1.568799720800361994e-02
2.283658699999999953e+03 1.112128949999999895e+04 1.582471436512856294e-02
2.286475699999999961e+03 1.111473600000000079e+04 1.583771563887997544e-02
2.289291200000000117e+03 1.115405699999999888e+04 1.580311654645868286e-02
2.292105199999999968e+03 1.102298699999999917e+04 1.589442710069199904e-02
2.294917600000000220e+03 1.113439649999999892e+04 1.581174505736445898e-02
2.297728500000000167e+03 1.114750350000000071e+04 1.578160691821500067e-02
2.300537899999999809e+03 1.103609399999999914e+04 1.588128577798171570e-02
2.303345699999999852e+03 1.108196850000000086e+04 1.585074901014798393e-02
2.306152099999999791e+03 1.100332649999999921e+04 1.588566259652367599e-02
2.308956900000000132e+03 1.097711250000000109e+04 1.590760109972172084e-02
2.311760200000000168e+03 1.106886149999999907e+04 1.583337832108294013e-02
2.314561999999999898e+03 1.097711250000000109e+04 1.590760109972172084e-02
2.317362200000000030e+03 1.097711250000000109e+04 1.589442710069199904e-02
2.320161000000000058e+03 1.101643349999999919e+04 1.586817699673188226e-02
2.322958200000000033e+03 1.097055899999999929e+04 1.591199971755767953e-02
2.325753999999999905e+03 1.080016799999999967e+04 1.600522188326911066e-02
2.328548200000000179e+03 1.089847049999999945e+04 1.595618752747863731e-02
2.331340900000000147e+03 1.083293549999999959e+04 1.599180406181043360e-02
2.334132099999999809e+03 1.072807950000000164e+04 1.606828801735698392e-02
2.336921800000000076e+03 1.066254449999999997e+04 1.612752194691529500e-02
2.339709899999999834e+03 1.059045600000000013e+04 1.617815793319594617e-02
2.342496599999999944e+03 1.054458149999999841e+04 1.621063025419339915e-02
2.345281800000000203e+03 1.045283250000000044e+04 1.626675493537920250e-02
2.348065399999999954e+03 1.042661849999999868e+04 1.629031288390711193e-02
2.350847600000000057e+03 1.026933450000000084e+04 1.642415573218189082e-02
2.353628200000000106e+03 1.032831599999999889e+04 1.636639181678664276e-02
2.356407400000000052e+03 1.027588799999999901e+04 1.641448593108922951e-02
2.359184999999999945e+03 1.015137150000000111e+04 1.647276239581443869e-02
2.361961099999999988e+03 1.011205049999999937e+04 1.653166399875393919e-02
2.364735799999999927e+03 1.008583650000000125e+04 1.653660103455125222e-02
2.367508899999999812e+03 1.003340850000000137e+04 1.657625720908554104e-02
2.370280600000000049e+03 1.007928299999999945e+04 1.655639350247866196e-02
2.373050799999999981e+03 1.019069249999999920e+04 1.647276239581443869e-02
2.375819399999999860e+03 1.003340850000000137e+04 1.657128458044234906e-02
2.378586600000000089e+03 1.001374799999999959e+04 1.658123431690197019e-02
2.381352300000000014e+03 1.009238999999999942e+04 1.653660103455125222e-02
2.384116399999999885e+03 9.928552499999999782e+03 1.667159593593056655e-02
2.386879100000000108e+03 1.000719449999999961e+04 1.659619258274673548e-02
2.389640300000000025e+03 1.004651549999999952e+04 1.657128458044234906e-02
2.392400099999999838e+03 1.010549699999999939e+04 1.651687938050461907e-02
2.395158300000000054e+03 1.002685499999999956e+04 1.660118767468309053e-02
2.397914999999999964e+03 1.000719449999999961e+04 1.658621591062016745e-02
2.400670300000000225e+03 9.921998999999999796e+03 1.664634740419851724e-02
2.403424100000000180e+03 9.882677999999999884e+03 1.668680031294919250e-02
2.406176300000000083e+03 9.895784999999999854e+03 1.668172756611881191e-02
2.408927099999999882e+03 9.849910499999999956e+03 1.671223364627746205e-02
2.411676500000000033e+03 9.777822000000000116e+03 1.677375127874538435e-02
2.414424300000000130e+03 9.731947500000000218e+03 1.679958488604218689e-02
2.417170700000000124e+03 9.666412500000000364e+03 1.685684157681769518e-02
2.419915599999999813e+03 9.633644999999998618e+03 1.687780780578799003e-02
2.422659000000000106e+03 9.653305499999998574e+03 1.686207580814297682e-02
2.425400900000000092e+03 9.581217000000000553e+03 1.692526931809123017e-02
2.428141399999999976e+03 9.679519500000000335e+03 1.682553822282883971e-02
2.430880299999999806e+03 9.640198500000000422e+03 1.687255891503571317e-02
2.433617799999999988e+03 9.430486500000000888e+03 1.703218932848108227e-02
2.436353900000000067e+03 9.496021500000000742e+03 1.698917868071330578e-02
2.439088400000000092e+03 9.476361000000000786e+03 1.698382522897153371e-02
2.441821500000000015e+03 9.476361000000000786e+03 1.700526946128683159e-02
2.444553199999999833e+03 9.476361000000000786e+03 1.701064322329844461e-02
2.447283300000000054e+03 9.463254000000000815e+03 1.701064322329844461e-02
2.450012000000000171e+03 9.397718999999999141e+03 1.705381751411945077e-02
2.452739199999999983e+03 9.456700500000000829e+03 1.702140604830647969e-02
2.455465000000000146e+03 9.463254000000000815e+03 1.702140604830647969e-02
2.458189300000000003e+03 9.410826000000000931e+03 1.704840274417374416e-02
2.460912100000000009e+03 9.430486500000000888e+03 1.703758865951811308e-02
2.463633499999999913e+03 9.456700500000000829e+03 1.699990078886849318e-02
2.466353399999999965e+03 9.378058500000001004e+03 1.708096896820718996e-02
2.469071800000000167e+03 9.364951499999999214e+03 1.708096896820718996e-02
2.471788799999999810e+03 9.358398000000001048e+03 1.710278375227985287e-02
2.474504300000000057e+03 9.266648999999999432e+03 1.713566321310552518e-02
2.477218400000000202e+03 9.338737499999999272e+03 1.683595328926899490e-02
2.479931000000000040e+03 9.161792999999999665e+03 1.724664664792465579e-02
2.482642100000000028e+03 9.096257999999999811e+03 1.730861422078728076e-02
2.485351799999999912e+03 9.063490499999999884e+03 1.733700297894984893e-02
2.488060100000000148e+03 8.873439000000000306e+03 1.751031954658465936e-02
2.490766900000000078e+03 8.991402000000000044e+03 1.741724077677836088e-02
2.493472200000000157e+03 8.938974000000000160e+03 1.746941435577988727e-02
2.496176100000000133e+03 8.834118000000000393e+03 1.752793852090271665e-02
2.498878499999999804e+03 8.899653000000000247e+03 1.749860303838313494e-02
2.501579499999999825e+03 8.729262000000000626e+03 1.765879023456284197e-02
2.504279100000000199e+03 8.722708500000000640e+03 1.765879023456284197e-02
2.506977199999999812e+03 8.683387500000000728e+03 1.768289780924788696e-02
2.509673800000000028e+03 8.611298999999999069e+03 1.774970617906524925e-02
2.512369000000000142e+03 8.598192000000000917e+03 1.774360137882308869e-02
2.515062800000000152e+03 8.637513000000000829e+03 1.774360137882308869e-02
2.517755099999999857e+03 8.552317500000001019e+03 1.781727754920849061e-02
2.520445999999999913e+03 8.512996499999999287e+03 1.782964636538001552e-02
2.523135400000000118e+03 8.539210499999999229e+03 1.783584044108029246e-02
2.525823400000000220e+03 8.512996499999999287e+03 1.784204097679379167e-02
2.528510000000000218e+03 8.473675499999999374e+03 1.788562655450751451e-02
2.531195099999999911e+03 8.434354500000001281e+03 1.768894014593858435e-02
2.533878799999999956e+03 8.512996499999999287e+03 1.784204097679379167e-02
2.536561000000000149e+03 8.454014999999999418e+03 1.791695540415119345e-02
2.539241799999999785e+03 8.388479999999999563e+03 1.797376463553282400e-02
2.541921200000000226e+03 8.427800999999999476e+03 1.788562655450751451e-02
2.544599099999999908e+03 8.355712499999999636e+03 1.798011018370422945e-02
2.547275700000000143e+03 8.408140499999999520e+03 1.793583192078690783e-02
2.549950699999999870e+03 8.309837999999999738e+03 1.804393754163222466e-02
2.552624400000000151e+03 8.250856500000001688e+03 1.810844950123417785e-02
2.555296600000000126e+03 8.060805000000000291e+03 1.829283119621364501e-02
2.557967399999999998e+03 8.067358500000000276e+03 1.827280619711182594e-02
2.560636800000000221e+03 8.185321500000000015e+03 1.817365838888398630e-02
2.563304700000000139e+03 8.080465500000000247e+03 1.827280619711182594e-02
2.565971199999999953e+03 8.060805000000000291e+03 1.831292217557625376e-02
2.568636300000000119e+03 8.014930500000000393e+03 1.833307949832738148e-02
2.571300000000000182e+03 7.896967499999999745e+03 1.846918440682809859e-02
2.573962199999999939e+03 7.857646500000000742e+03 1.852448148986727411e-02
2.576623000000000047e+03 7.818325499999999920e+03 1.856628180211351495e-02
2.579282400000000052e+03 7.811771999999999935e+03 1.853838354172254732e-02
2.581940399999999954e+03 7.818325499999999920e+03 1.853838354172254732e-02
2.584596900000000005e+03 7.831432499999999891e+03 1.851754218207935301e-02
2.587252100000000155e+03 7.818325499999999920e+03 1.855929543053892739e-02
2.589905799999999999e+03 7.765897500000000036e+03 1.861540831876261695e-02
2.592558100000000195e+03 7.713469500000000153e+03 1.866492687792711130e-02
2.595208999999999833e+03 7.661041500000000269e+03 1.871484272184000680e-02
2.597858499999999822e+03 7.746237000000000080e+03 1.863658224976132149e-02
2.600506499999999960e+03 7.621720500000000357e+03 1.877238272762503379e-02
2.603153200000000197e+03 7.706916000000000167e+03 1.867914777665902193e-02
2.605798400000000129e+03 7.687255500000000211e+03 1.868627042621308354e-02
2.608442300000000159e+03 7.615166999999999462e+03 1.877961260762642595e-02
2.611084699999999884e+03 7.569292500000000473e+03 1.883045674950449902e-02
2.613725699999999961e+03 7.602060000000000400e+03 1.879409746331452136e-02
2.616365299999999934e+03 7.497203999999999724e+03 1.886702787882809165e-02
2.619003499999999804e+03 7.588953000000000429e+03 1.880135247129110371e-02
2.621640300000000025e+03 7.470990000000000691e+03 1.894081395579159249e-02
2.624275700000000143e+03 7.451329499999999825e+03 1.892598748466956665e-02
2.626909700000000157e+03 7.412008500000000822e+03 1.901547255800340591e-02
2.629542199999999866e+03 7.418561999999999898e+03 1.900796694391270608e-02
2.632173400000000129e+03 7.333366500000000087e+03 1.905313445380013571e-02
2.634803199999999833e+03 7.261277999999999338e+03 1.919059371904724420e-02
2.637431599999999889e+03 7.202296499999999469e+03 1.925264915576276742e-02
2.640058599999999842e+03 7.103993999999999687e+03 1.934687149257467015e-02
2.642684099999999944e+03 7.097440499999999702e+03 1.938654114975498638e-02
2.645308300000000145e+03 7.071226499999999760e+03 1.941845317324714104e-02
2.647931099999999788e+03 7.045012499999999818e+03 1.946661807528000943e-02
2.650552499999999782e+03 6.874621499999999287e+03 1.967123393558508834e-02
2.653172500000000127e+03 6.933603000000000065e+03 1.961329203082604403e-02
2.655791099999999915e+03 6.795979500000000371e+03 1.976333215065231505e-02
2.658408300000000054e+03 6.782872499999999491e+03 1.979714454859997017e-02
2.661024100000000089e+03 6.763212000000000444e+03 1.983113108786623002e-02
2.663638500000000022e+03 6.684569999999999709e+03 1.994280825586577585e-02
2.666251600000000053e+03 6.625588499999999840e+03 2.002123778041647525e-02
2.668863199999999779e+03 6.619035000000000764e+03 1.996884893062236474e-02
2.671473500000000058e+03 6.520732500000000073e+03 2.015403541865785214e-02
2.674082399999999780e+03 6.586267500000000837e+03 2.005639362448962543e-02
2.676689800000000105e+03 6.619035000000000764e+03 1.999499188172189704e-02
2.679295999999999822e+03 6.514179000000000087e+03 2.013617627875816107e-02
2.681900700000000143e+03 6.527286000000000058e+03 2.010059996779246794e-02
2.684503999999999905e+03 6.527286000000000058e+03 2.010947636476642653e-02
2.687105900000000020e+03 6.468304500000000189e+03 2.021691867729522377e-02
2.689706499999999778e+03 6.501072000000000116e+03 2.011836453154948121e-02
2.692305699999999888e+03 6.487965000000000146e+03 2.020789930647948901e-02
2.694903499999999894e+03 6.461750999999999294e+03 2.021691867729522377e-02
2.697499899999999798e+03 6.396216000000000349e+03 2.029864021776513899e-02
2.700094999999999800e+03 6.337234499999999571e+03 2.040915994687032831e-02
2.702688700000000154e+03 6.343787999999999556e+03 2.039988094664219043e-02
2.705280999999999949e+03 6.304466999999999643e+03 2.045574562708153341e-02
2.707871900000000096e+03 6.370001999999999498e+03 2.029864021776513899e-02
2.710461400000000140e+03 6.186503999999999905e+03 2.061655627561592707e-02
2.713049599999999828e+03 6.258592499999999745e+03 2.052150479527412030e-02
2.715636399999999867e+03 6.219271499999999833e+03 2.054040991655213533e-02
2.718221799999999803e+03 6.140629500000000007e+03 2.068388367383190360e-02
2.720805899999999838e+03 6.048880499999999302e+03 2.086008652862775606e-02
2.723388600000000224e+03 6.068541000000000167e+03 2.077142460255654993e-02
2.725969900000000052e+03 5.963684999999999491e+03 2.098008801635339524e-02
2.728549899999999980e+03 6.029220000000000255e+03 2.083040652327785777e-02
2.731128400000000056e+03 5.963684999999999491e+03 2.098008801635339524e-02
2.733705699999999979e+03 5.957131499999999505e+03 2.100029032052031647e-02
2.736281500000000051e+03 5.924363999999999578e+03 2.104087062951670237e-02
2.738856000000000222e+03 5.865382499999999709e+03 2.112274203074866394e-02
2.741429099999999835e+03 5.878489499999999680e+03 2.109192838628971486e-02
2.744000900000000001e+03 5.871935999999999694e+03 2.110218461270974358e-02
2.746571300000000065e+03 5.917810500000000502e+03 2.104087062951670237e-02
2.749140300000000025e+03 5.878489499999999680e+03 2.107146071685335464e-02
2.751708000000000084e+03 5.885043000000000575e+03 2.098008801635339524e-02
2.754274300000000039e+03 5.858828999999999724e+03 2.114335964622883479e-02
2.756839300000000094e+03 5.786740499999999884e+03 2.125784581717221275e-02
2.759402900000000045e+03 5.780186999999999898e+03 2.126834611211590037e-02
2.761965200000000095e+03 5.826061500000000706e+03 2.117439958412471387e-02
2.764525999999999840e+03 5.819507999999999811e+03 2.119516898547308542e-02
2.767085599999999886e+03 5.786740499999999884e+03 2.119516898547308542e-02
2.769643799999999828e+03 5.799847499999999854e+03 2.121599962341023937e-02
2.772200600000000122e+03 5.688438000000000102e+03 2.140628145630808429e-02
2.774756100000000060e+03 5.701544999999999163e+03 2.138488586729738253e-02
2.777310199999999895e+03 5.668777499999999236e+03 2.141700336104064573e-02
2.779862999999999829e+03 5.583581999999999425e+03 2.159077499934155403e-02
2.782414400000000114e+03 5.649117000000000189e+03 2.146005265746708801e-02
2.784964500000000044e+03 5.603242500000000291e+03 2.152511612961974241e-02
2.787513199999999870e+03 5.518046999999999571e+03 2.167926215293737927e-02
2.790060599999999795e+03 5.452511999999999716e+03 2.178012253687137273e-02
2.792606699999999819e+03 5.393530499999999847e+03 2.191681920852555851e-02
2.795151400000000194e+03 5.400083999999999833e+03 2.190532939425830078e-02
2.797694700000000012e+03 5.367316499999999905e+03 2.152511612961974241e-02
2.800236699999999928e+03 5.249353500000000167e+03 2.218617841802996912e-02
2.802777399999999943e+03 5.334548999999999978e+03 2.197454071804173445e-02
2.805316699999999855e+03 5.321442000000000007e+03 2.206785128944058552e-02
2.807854699999999866e+03 5.203479000000000269e+03 2.227014911500221905e-02
2.810391299999999774e+03 5.288674499999999171e+03 2.210315046095870026e-02
2.812926599999999780e+03 5.210032500000000255e+03 2.223404509377601909e-02
2.815460599999999886e+03 5.111729999999999563e+03 2.240405119079472845e-02
2.817993199999999888e+03 5.151051000000000386e+03 2.239177835985963969e-02
2.820524499999999989e+03 5.236246500000000196e+03 2.219811609896804941e-02
2.823054500000000189e+03 5.236246500000000196e+03 2.217425997590313086e-02
2.825583099999999831e+03 5.262460500000000138e+03 2.215048060179643577e-02
2.828110400000000027e+03 5.223139499999999316e+03 2.221007307053211172e-02
2.830636399999999867e+03 5.177265000000000327e+03 2.228222292945113148e-02
2.833161000000000058e+03 5.216586000000000240e+03 2.224606025006705887e-02
2.835684299999999894e+03 5.190372000000000298e+03 2.217425997590313086e-02
2.838206299999999828e+03 5.216586000000000240e+03 2.222204938473248265e-02
2.840726900000000114e+03 5.262460500000000138e+03 2.212677756600586049e-02
2.843246200000000044e+03 5.151051000000000386e+03 2.233071531091802495e-02
2.845764200000000073e+03 5.157604500000000371e+03 2.234288795576365796e-02
2.848280900000000202e+03 5.137943999999999505e+03 2.236729308368998886e-02
2.850796200000000226e+03 5.170711499999999432e+03 2.230642958833239931e-02
2.853310199999999895e+03 5.177265000000000327e+03 2.223404509377601909e-02
2.855822900000000118e+03 5.157604500000000371e+03 2.231856253978071677e-02
2.858334199999999782e+03 5.105176499999999578e+03 2.242865751473031855e-02
2.860844300000000203e+03 5.065855499999999665e+03 2.247811437194909695e-02
2.863353000000000065e+03 5.052748499999999694e+03 2.250296580504692820e-02
2.865860400000000027e+03 5.026534500000000662e+03 2.257801759474886011e-02
2.868366399999999885e+03 4.960999499999999898e+03 2.266653438515799091e-02
2.870871200000000044e+03 5.019980999999999767e+03 2.261582619102546488e-02
2.873374600000000100e+03 4.993766999999999825e+03 2.262847132826789967e-02
2.875876699999999801e+03 4.908571500000000015e+03 2.278188645015529618e-02
2.878377500000000055e+03 4.869250500000000102e+03 2.285977346864025150e-02
2.880876999999999953e+03 4.810269000000000233e+03 2.301797448062813112e-02
2.883375199999999950e+03 4.869250500000000102e+03 2.287283246625987018e-02
2.885872100000000046e+03 4.816822499999999309e+03 2.300466544541274888e-02
2.888367600000000039e+03 4.862697000000000116e+03 2.285977346864025150e-02
2.890861800000000130e+03 4.823376000000000204e+03 2.293846483205885453e-02
2.893354800000000068e+03 4.731627000000000407e+03 2.313880457320704673e-02
2.895846399999999903e+03 4.770948000000000320e+03 2.301797448062813112e-02
2.898336699999999837e+03 4.816822499999999309e+03 2.300466544541274888e-02
2.900825699999999870e+03 4.829929500000000189e+03 2.295165923339845260e-02
2.903313400000000001e+03 4.810269000000000233e+03 2.259059938318412966e-02
2.905799700000000030e+03 4.849590000000000146e+03 2.292529316009591506e-02
2.908284799999999905e+03 4.836483000000000175e+03 2.293846483205885453e-02
2.910768599999999878e+03 4.784054999999999382e+03 2.304466199623585523e-02
2.913251000000000204e+03 4.810269000000000233e+03 2.300466544541274888e-02
2.915732199999999921e+03 4.829929500000000189e+03 2.291214415232644894e-02
2.918212100000000191e+03 4.829929500000000189e+03 2.242865751473031855e-02
2.920690599999999904e+03 4.797162000000000262e+03 2.301797448062813112e-02
2.923167899999999918e+03 4.856143500000000131e+03 2.287283246625987018e-02
2.925643799999999828e+03 4.888911000000000058e+03 2.283372243628148043e-02
2.928118500000000040e+03 4.784054999999999382e+03 2.303130664188535182e-02
2.930591800000000148e+03 4.731627000000000407e+03 2.308486789245749529e-02
2.933063900000000103e+03 4.757840999999999440e+03 2.308486789245749529e-02
2.935534700000000157e+03 4.698859499999999571e+03 2.322042318492062440e-02
2.938004100000000108e+03 4.731627000000000407e+03 2.317950610787045465e-02
2.940472299999999905e+03 4.679199000000000524e+03 2.328910249250217002e-02
2.942939199999999801e+03 4.587450000000000728e+03 2.348469527008571409e-02
2.945404700000000048e+03 4.587450000000000728e+03 2.349885547352492665e-02
2.947869000000000142e+03 4.508807999999999993e+03 2.368530033764459919e-02
2.950331999999999880e+03 4.462933499999999185e+03 2.378755002816106134e-02
2.952793700000000172e+03 4.436719500000000153e+03 2.381700830573720007e-02
2.955254199999999855e+03 4.351524000000000342e+03 2.398100842230931062e-02
2.957713299999999890e+03 4.403951999999999316e+03 2.387625468659487771e-02
2.960171100000000024e+03 4.364631000000000313e+03 2.401119220823010394e-02
2.962627700000000004e+03 4.331863500000000386e+03 2.411774001870354775e-02
2.965082899999999881e+03 4.371184499999999389e+03 2.396595915291233406e-02
2.967536900000000060e+03 4.279435499999999593e+03 2.421020453681321447e-02
2.969989599999999882e+03 4.292542500000000473e+03 2.416383959569009740e-02
2.972440999999999804e+03 4.272881999999999607e+03 2.425683739775227193e-02
2.974891099999999824e+03 4.331863500000000386e+03 2.410243202603548282e-02
2.977340000000000146e+03 4.292542500000000473e+03 2.421020453681321447e-02
2.979787499999999909e+03 4.259775000000000546e+03 2.427244166916203358e-02
2.982233799999999974e+03 4.279435499999999593e+03 2.421020453681321447e-02
2.984678800000000138e+03 4.292542500000000473e+03 2.404149025461490077e-02
2.987122499999999945e+03 4.253221499999999651e+03 2.424126318272920230e-02
2.989565000000000055e+03 4.240114499999999680e+03 2.430374076877859016e-02
2.992006100000000060e+03 4.220453999999999724e+03 2.430374076877859016e-02
2.994445999999999913e+03 4.207346999999999753e+03 2.439836957877700510e-02
2.996884599999999864e+03 4.115597999999999956e+03 2.462354058339518217e-02
2.999322000000000116e+03 4.141812000000000808e+03 2.454240843339750358e-02
3.001757999999999811e+03 4.082830500000000029e+03 2.472196951910847484e-02
3.004192799999999806e+03 4.056616499999999633e+03 2.482158833578737220e-02
3.006626299999999901e+03 3.997634999999999764e+03 2.493934644741194542e-02
3.009058500000000095e+03 4.023849000000000160e+03 2.483830884178311535e-02
3.011489500000000135e+03 3.892778999999999996e+03 2.523245632979828276e-02
3.013919199999999819e+03 3.886225500000000011e+03 2.528526236522654277e-02
3.016347600000000057e+03 3.912439500000000407e+03 2.519743555465631113e-02
3.018774800000000141e+03 3.807583499999999731e+03 2.549985118330273803e-02
3.021200699999999870e+03 3.761708999999999833e+03 2.562757932291889751e-02
3.023625300000000152e+03 3.774815999999999804e+03 2.559088985625626242e-02
3.026048699999999826e+03 3.807583499999999731e+03 2.544569214619636990e-02
3.028470800000000054e+03 3.814137000000000171e+03 2.555435751806421629e-02
3.030891599999999926e+03 3.774815999999999804e+03 2.553614992222348612e-02
3.033311200000000099e+03 3.761708999999999833e+03 2.564598333198594635e-02
3.035729499999999916e+03 3.768262500000000273e+03 2.560921487819368264e-02
3.038146499999999833e+03 3.774815999999999804e+03 2.560921487819368264e-02
3.040562300000000050e+03 3.820690499999999702e+03 2.549985118330273803e-02
3.042976799999999912e+03 3.728941499999999905e+03 2.568291061292933899e-02
3.045389999999999873e+03 3.761708999999999833e+03 2.566442704766146859e-02
3.047802000000000135e+03 3.761708999999999833e+03 2.562757932291889751e-02
3.050212799999999788e+03 3.683067000000000007e+03 2.592688966659871877e-02
3.052622199999999793e+03 3.656853000000000065e+03 2.596504552192542212e-02
3.055030499999999847e+03 3.630638999999999669e+03 2.602259648766626354e-02
3.057437399999999798e+03 3.630638999999999669e+03 2.606117708184977830e-02
3.059843199999999797e+03 3.545443500000000313e+03 2.637612720767627816e-02
3.062247600000000148e+03 3.427480500000000120e+03 2.659939967774117495e-02
3.064650799999999890e+03 3.453694499999999607e+03 2.668200670790997486e-02
3.067052799999999934e+03 3.394712999999999738e+03 2.682843983176127697e-02
3.069453500000000076e+03 3.335731499999999869e+03 2.704187549326264942e-02
3.071852899999999863e+03 3.381606000000000222e+03 2.693452343987673067e-02
3.074251099999999951e+03 3.263643000000000029e+03 2.723838746815428202e-02
3.076648000000000138e+03 3.283303499999999985e+03 2.723838746815428202e-02
3.079043700000000172e+03 3.276750000000000000e+03 2.728264157932964659e-02
3.081438200000000052e+03 3.289856999999999971e+03 2.723838746815428202e-02
3.083831400000000031e+03 3.322624500000000353e+03 2.717240823326096122e-02
3.086223399999999856e+03 3.283303499999999985e+03 2.710690614947816601e-02
3.088614099999999780e+03 3.250536000000000058e+03 2.734942905155248599e-02
3.091003499999999804e+03 3.204661500000000160e+03 2.750719385698535691e-02
3.093391799999999876e+03 3.165340500000000247e+03 2.762156937675376220e-02
3.095778699999999844e+03 3.158786999999999807e+03 2.771410420672772851e-02
3.098164499999999862e+03 3.119466000000000349e+03 2.785466692178434345e-02
3.100548999999999978e+03 3.053931000000000040e+03 2.811801728788655350e-02
3.102932200000000194e+03 2.975289000000000215e+03 2.841400457362290924e-02
3.105314199999999801e+03 2.896647000000000389e+03 2.882359693535838444e-02
3.107695000000000164e+03 2.890093499999999949e+03 2.890238595778423999e-02
3.110074500000000171e+03 2.804897999999999683e+03 2.927880498180757823e-02
3.112452800000000025e+03 2.837665500000000065e+03 2.908876900552399142e-02
3.114829900000000180e+03 2.844219000000000051e+03 2.903514910923280304e-02
3.117205699999999979e+03 2.837665500000000065e+03 2.914268706663170408e-02
3.119580300000000079e+03 2.831112000000000080e+03 2.911569059296648110e-02
3.121953700000000026e+03 2.837665500000000065e+03 2.898182463978379517e-02
3.124325800000000072e+03 2.804897999999999683e+03 2.922412929454107008e-02
3.126696699999999964e+03 2.726255999999999858e+03 2.961343076070948460e-02
3.129066299999999956e+03 2.680381499999999960e+03 2.987206825439297012e-02
3.131434699999999793e+03 2.595186000000000149e+03 3.007798352099939551e-02
3.133801899999999932e+03 2.523097499999999854e+03 3.059634476013044571e-02
3.136167899999999918e+03 2.490329999999999927e+03 3.081771654943555802e-02
3.138532600000000002e+03 2.470669499999999971e+03 3.091407233395638068e-02
3.140896099999999933e+03 2.490329999999999927e+03 3.078579762160687378e-02
3.143258400000000165e+03 2.496883499999999913e+03 3.056510805493717342e-02
3.145619400000000041e+03 2.496883499999999913e+03 3.072225617590483571e-02
3.147979299999999967e+03 2.398581000000000131e+03 3.130873604409113026e-02
3.150337899999999991e+03 2.398581000000000131e+03 3.031861122393268368e-02
3.152695200000000114e+03 2.287171499999999924e+03 3.193013869399220078e-02
3.155051399999999830e+03 2.293725000000000364e+03 3.182399943511535906e-02
3.157406300000000101e+03 2.313385499999999865e+03 3.168411304612299417e-02
3.159760000000000218e+03 2.260957499999999982e+03 3.210942218446212471e-02
3.162112500000000182e+03 2.267510999999999967e+03 3.210942218446212471e-02
3.164463799999999992e+03 2.241297000000000025e+03 3.225504389383059001e-02
3.166813799999999901e+03 2.123333999999999833e+03 3.297485750982245140e-02
3.169162600000000111e+03 2.110226999999999862e+03 3.309297678062662201e-02
3.171510200000000168e+03 2.208529500000000098e+03 3.236556978217280250e-02
3.173856600000000071e+03 2.169208499999999731e+03 3.270409163364004779e-02
3.176201799999999821e+03 2.038138500000000022e+03 3.353719768777829735e-02
3.178545700000000124e+03 2.051245499999999993e+03 3.333307407709872744e-02
