-3.075250000000000128e+01 8.585085000000000264e+02 3.203734707183328312e-02
-2.660050000000000026e+01 8.585085000000000264e+02 3.203734707183328312e-02
-2.245090000000000074e+01 8.585085000000000264e+02 3.203734707183328312e-02
-1.830389999999999873e+01 8.585085000000000264e+02 3.203734707183328312e-02
-1.415949999999999953e+01 8.585085000000000264e+02 3.203734707183328312e-02
-1.001759999999999984e+01 8.585085000000000264e+02 3.203734707183328312e-02
-5.878199999999999648e+00 8.585085000000000264e+02 3.203734707183328312e-02
-1.741400000000000059e+00 8.585085000000000264e+02 3.203734707183328312e-02
2.392900000000000027e+00 8.585085000000000264e+02 3.203734707183328312e-02
6.524700000000000166e+00 8.585085000000000264e+02 3.203734707183328312e-02
1.065390000000000015e+01 8.585085000000000264e+02 3.203734707183328312e-02
1.478059999999999974e+01 8.585085000000000264e+02 3.203734707183328312e-02
1.890480000000000160e+01 8.585085000000000264e+02 3.203734707183328312e-02
2.302649999999999864e+01 8.585085000000000264e+02 3.203734707183328312e-02
2.714560000000000173e+01 8.585085000000000264e+02 3.203734707183328312e-02
3.126219999999999999e+01 8.585085000000000264e+02 3.203734707183328312e-02
3.537639999999999674e+01 8.585085000000000264e+02 3.203734707183328312e-02
3.948790000000000333e+01 8.585085000000000264e+02 3.203734707183328312e-02
4.359700000000000131e+01 8.585085000000000264e+02 3.203734707183328312e-02
4.770360000000000156e+01 8.585085000000000264e+02 3.203734707183328312e-02
5.180769999999999698e+01 8.585085000000000264e+02 3.203734707183328312e-02
5.590919999999999845e+01 8.585085000000000264e+02 3.203734707183328312e-02
6.000829999999999842e+01 8.585085000000000264e+02 3.203734707183328312e-02
6.410479999999999734e+01 8.585085000000000264e+02 3.203734707183328312e-02
6.819889999999999475e+01 8.585085000000000264e+02 3.203734707183328312e-02
7.229040000000000532e+01 8.585085000000000264e+02 3.203734707183328312e-02
7.637949999999999307e+01 8.585085000000000264e+02 3.203734707183328312e-02
8.046609999999999729e+01 8.585085000000000264e+02 3.203734707183328312e-02
8.455010000000000048e+01 8.585085000000000264e+02 3.203734707183328312e-02
8.863169999999999504e+01 8.585085000000000264e+02 3.203734707183328312e-02
9.271080000000000609e+01 8.585085000000000264e+02 3.203734707183328312e-02
9.678740000000000521e+01 8.585085000000000264e+02 3.203734707183328312e-02
1.008615999999999957e+02 8.585085000000000264e+02 3.203734707183328312e-02
1.049331999999999994e+02 8.585085000000000264e+02 3.203734707183328312e-02
1.090023999999999944e+02 8.585085000000000264e+02 3.203734707183328312e-02
1.130691000000000059e+02 8.585085000000000264e+02 3.203734707183328312e-02
1.171333000000000055e+02 8.585085000000000264e+02 3.203734707183328312e-02
1.211949999999999932e+02 8.585085000000000264e+02 3.203734707183328312e-02
1.252543000000000006e+02 8.585085000000000264e+02 3.203734707183328312e-02
1.293111000000000104e+02 8.585085000000000264e+02 3.203734707183328312e-02
1.333653999999999940e+02 8.585085000000000264e+02 3.203734707183328312e-02
1.374173000000000116e+02 8.585085000000000264e+02 3.203734707183328312e-02
1.414667000000000030e+02 8.585085000000000264e+02 3.203734707183328312e-02
1.455137000000000000e+02 8.585085000000000264e+02 3.203734707183328312e-02
1.495581999999999994e+02 8.585085000000000264e+02 3.203734707183328312e-02
1.536002000000000010e+02 8.585085000000000264e+02 3.203734707183328312e-02
1.576398000000000081e+02 8.585085000000000264e+02 3.203734707183328312e-02
1.616768999999999892e+02 8.585085000000000264e+02 3.203734707183328312e-02
1.657116000000000042e+02 8.585085000000000264e+02 3.203734707183328312e-02
1.697437999999999931e+02 8.585085000000000264e+02 3.203734707183328312e-02
1.737735999999999876e+02 8.585085000000000264e+02 3.203734707183328312e-02
1.778009000000000128e+02 8.585085000000000264e+02 3.203734707183328312e-02
1.818257999999999868e+02 9.633645000000000209e+02 3.078579762160687378e-02
1.858481999999999914e+02 6.881175000000000637e+02 3.601111950168403575e-02
1.898683000000000050e+02 7.405454999999999472e+02 3.536579561849577391e-02
1.938857999999999890e+02 4.128704999999999927e+02 3.886893679016272668e-02
1.979010000000000105e+02 2.490329999999999870e+02 4.367353588944971471e-02
2.019137000000000057e+02 4.063170000000000073e+02 4.228671929245766958e-02
2.059240000000000066e+02 4.259774999999999636e+02 4.021895272953285305e-02
2.099318000000000097e+02 3.669959999999999809e+02 4.072578220976776769e-02
2.139371999999999900e+02 5.177265000000001010e+02 4.117580451443193790e-02
2.179402000000000044e+02 5.898149999999999409e+02 3.874128804873500781e-02
2.219407999999999959e+02 5.963685000000000400e+02 3.979926521643074866e-02
2.259388999999999896e+02 6.225824999999999818e+02 4.050623461463098707e-02
2.299346999999999923e+02 6.029220000000000255e+02 4.072578220976776769e-02
2.339279999999999973e+02 5.046195000000000164e+02 4.102414357732872552e-02
2.379189000000000078e+02 6.029220000000000255e+02 4.014808227318474032e-02
2.419073999999999955e+02 6.029220000000000255e+02 3.788162791158318499e-02
2.458934999999999889e+02 5.373870000000000573e+02 4.236955329797763292e-02
2.498771000000000129e+02 5.308334999999999582e+02 3.973058653675783092e-02
2.538583999999999889e+02 4.915124999999999886e+02 4.007758514720169418e-02
2.578373000000000275e+02 5.963685000000000400e+02 3.986830128777176657e-02
2.618136999999999830e+02 7.536525000000000318e+02 3.526956198265124298e-02
2.657878000000000043e+02 8.454015000000000555e+02 3.426034026583060776e-02
2.697594000000000278e+02 9.305970000000000937e+02 3.536579561849577391e-02
2.737287000000000035e+02 5.963685000000000400e+02 3.713256360422702990e-02
2.776954999999999814e+02 5.570475000000000136e+02 4.043383735459044753e-02
2.816600000000000250e+02 5.963685000000000400e+02 4.057902215692048981e-02
2.856220999999999890e+02 6.094754999999998972e+02 4.007758514720169418e-02
2.895817999999999870e+02 6.422429999999999382e+02 3.939244773617265466e-02
2.935391000000000190e+02 7.208849999999999909e+02 3.973058653675783092e-02
2.974940000000000282e+02 7.274384999999999764e+02 3.912806590510905375e-02
3.014465000000000146e+02 7.274384999999999764e+02 3.945938482393394203e-02
3.053967000000000098e+02 6.553500000000000227e+02 4.057902215692048981e-02
3.093444000000000074e+02 7.143315000000000055e+02 4.007758514720169418e-02
3.132898000000000138e+02 7.798665000000000873e+02 3.867793348786625895e-02
3.172327999999999975e+02 7.405454999999999472e+02 3.861488872959494695e-02
3.211734999999999900e+02 6.291359999999999673e+02 4.245287600048053278e-02
3.251116999999999848e+02 5.898149999999999409e+02 4.296334976450823934e-02
3.290475999999999885e+02 6.160289999999999964e+02 4.196017603270679047e-02
3.329812000000000012e+02 6.225824999999999818e+02 4.148424181754185175e-02
3.369123000000000161e+02 6.094754999999998972e+02 4.220436922541948715e-02
3.408410999999999831e+02 6.881175000000000637e+02 4.079976189328438085e-02
3.447676000000000158e+02 6.684569999999999936e+02 4.140648309534921551e-02
3.486917000000000257e+02 6.225824999999999818e+02 4.204110219474057469e-02
3.526134000000000128e+02 6.487965000000000373e+02 4.102414357732872552e-02
3.565326999999999771e+02 6.750104999999999791e+02 4.087414620644017060e-02
3.604497000000000071e+02 7.208849999999999909e+02 4.065220350069238126e-02
3.643643999999999892e+02 8.519549999999999272e+02 3.945938482393394203e-02
3.682767000000000053e+02 6.553500000000000227e+02 4.125226846982677636e-02
3.721866999999999734e+02 5.963685000000000400e+02 4.253669222423180074e-02
3.760942999999999756e+02 6.487965000000000373e+02 4.245287600048053278e-02
3.799995000000000118e+02 6.750104999999999791e+02 4.212249840297802722e-02
3.839024000000000001e+02 6.815639999999999645e+02 4.187971541019194777e-02
3.878029999999999973e+02 6.946710000000000491e+02 4.245287600048053278e-02
3.917013000000000034e+02 6.750104999999999791e+02 4.212249840297802722e-02
3.955971999999999866e+02 7.470990000000000464e+02 4.117580451443193790e-02
3.994907000000000039e+02 7.143315000000000055e+02 4.228671929245766958e-02
4.033820000000000050e+02 7.733129999999999882e+02 4.125226846982677636e-02
4.072708999999999833e+02 6.881175000000000637e+02 4.204110219474057469e-02
4.111573999999999955e+02 7.077780000000000200e+02 4.148424181754185175e-02
4.150416999999999916e+02 7.339919999999999618e+02 4.079976189328438085e-02
4.189236000000000217e+02 6.946710000000000491e+02 4.156244026925565160e-02
4.228032000000000039e+02 8.388480000000000700e+02 3.979926521643074866e-02
4.266804000000000201e+02 1.087881000000000085e+03 3.642624698315693327e-02
4.305554000000000201e+02 9.109364999999999100e+02 3.886893679016272668e-02
4.344279999999999973e+02 9.043830000000000382e+02 3.893323615056001885e-02
4.382982999999999834e+02 8.126340000000000146e+02 4.021895272953285305e-02
4.421662999999999784e+02 9.961319999999999482e+02 3.794114346738735460e-02
4.460319999999999823e+02 9.437039999999999509e+02 3.886893679016272668e-02
4.498953999999999951e+02 8.847224999999999682e+02 3.986830128777176657e-02
4.537563999999999851e+02 8.322944999999999709e+02 4.094893885125184402e-02
4.576152000000000157e+02 7.798665000000000873e+02 4.212249840297802722e-02
4.614716000000000236e+02 7.602059999999999036e+02 4.236955329797763292e-02
4.653258000000000152e+02 7.339919999999999618e+02 4.287699118520275215e-02
4.691775999999999840e+02 7.536525000000000318e+02 4.253669222423180074e-02
4.730271000000000186e+02 7.274384999999999764e+02 4.322559034669127415e-02
4.768743999999999801e+02 7.602059999999999036e+02 4.270582486842748604e-02
4.807192999999999756e+02 7.536525000000000318e+02 4.179971588077281003e-02
4.845620000000000118e+02 7.470990000000000464e+02 4.296334976450823934e-02
4.884023000000000252e+02 7.077780000000000200e+02 4.367353588944971471e-02
4.922404000000000224e+02 7.470990000000000464e+02 4.220436922541948715e-02
4.960761999999999716e+02 6.946710000000000491e+02 4.313764398834754599e-02
4.999096999999999866e+02 7.470990000000000464e+02 4.270582486842748604e-02
5.037409000000000106e+02 8.191875000000000000e+02 4.179971588077281003e-02
5.075697999999999865e+02 7.274384999999999764e+02 4.358283270558153955e-02
5.113964000000000283e+02 7.470990000000000464e+02 4.367353588944971471e-02
5.152208000000000538e+02 7.667595000000000027e+02 4.296334976450823934e-02
5.190429000000000315e+02 7.339919999999999618e+02 4.253669222423180074e-02
5.228627000000000180e+02 7.602059999999999036e+02 4.196017603270679047e-02
5.266802000000000135e+02 7.470990000000000464e+02 4.305023225923948482e-02
5.304954999999999927e+02 7.274384999999999764e+02 4.313764398834754599e-02
5.343084999999999809e+02 7.602059999999999036e+02 4.313764398834754599e-02
5.381191999999999780e+02 7.995270000000000437e+02 4.270582486842748604e-02
5.419275999999999840e+02 8.126340000000000146e+02 4.245287600048053278e-02
5.457337999999999738e+02 8.060805000000000291e+02 4.196017603270679047e-02
5.495376999999999725e+02 7.798665000000000873e+02 4.270582486842748604e-02
5.533393999999999551e+02 8.060805000000000291e+02 4.220436922541948715e-02
5.571387999999999465e+02 7.995270000000000437e+02 4.204110219474057469e-02
5.609358999999999469e+02 8.322944999999999709e+02 4.117580451443193790e-02
5.647308000000000447e+02 7.733129999999999882e+02 4.236955329797763292e-02
5.685234000000000378e+02 7.864200000000000728e+02 4.262100686043435865e-02
5.723138000000000147e+02 8.060805000000000291e+02 4.245287600048053278e-02
5.761019000000000005e+02 7.602059999999999036e+02 4.340310891848280644e-02
5.798877999999999702e+02 7.667595000000000027e+02 4.313764398834754599e-02
5.836713999999999487e+02 7.733129999999999882e+02 4.313764398834754599e-02
5.874528000000000247e+02 7.995270000000000437e+02 4.270582486842748604e-02
5.912318999999999960e+02 7.864200000000000728e+02 4.313764398834754599e-02
5.950087999999999511e+02 7.929734999999999445e+02 4.262100686043435865e-02
5.987835000000000036e+02 7.733129999999999882e+02 4.236955329797763292e-02
6.025558999999999514e+02 8.322944999999999709e+02 3.836575781438026495e-02
6.063260999999999967e+02 8.257409999999999854e+02 4.228671929245766958e-02
6.100940000000000509e+02 7.667595000000000027e+02 4.287699118520275215e-02
6.138596999999999753e+02 8.060805000000000291e+02 4.220436922541948715e-02
6.176231999999999971e+02 7.995270000000000437e+02 4.262100686043435865e-02
6.213845000000000027e+02 8.322944999999999709e+02 4.253669222423180074e-02
6.251435000000000173e+02 8.191875000000000000e+02 4.253669222423180074e-02
6.289003000000000156e+02 8.388480000000000700e+02 4.228671929245766958e-02
6.326548000000000229e+02 8.126340000000000146e+02 4.270582486842748604e-02
6.364071999999999889e+02 8.322944999999999709e+02 4.187971541019194777e-02
6.401572999999999638e+02 8.585085000000000264e+02 4.236955329797763292e-02
6.439052000000000362e+02 7.995270000000000437e+02 4.270582486842748604e-02
6.476508999999999787e+02 8.454015000000000555e+02 4.253669222423180074e-02
6.513944000000000187e+02 8.388480000000000700e+02 4.236955329797763292e-02
6.551355999999999540e+02 8.519549999999999272e+02 4.187971541019194777e-02
6.588746999999999616e+02 8.454015000000000555e+02 4.164108261066503530e-02
6.626114999999999782e+02 8.781689999999999827e+02 4.117580451443193790e-02
6.663461999999999534e+02 8.912759999999999536e+02 4.125226846982677636e-02
6.700786000000000513e+02 8.847224999999999682e+02 3.906279802663452372e-02
6.738088000000000193e+02 8.716154999999999973e+02 4.164108261066503530e-02
6.775367999999999711e+02 8.978295000000000528e+02 4.140648309534921551e-02
6.812626000000000204e+02 8.716154999999999973e+02 4.156244026925565160e-02
6.849862000000000535e+02 8.912759999999999536e+02 4.094893885125184402e-02
6.887075999999999567e+02 8.585085000000000264e+02 4.204110219474057469e-02
6.924269000000000460e+02 8.388480000000000700e+02 4.220436922541948715e-02
6.961439000000000306e+02 8.978295000000000528e+02 4.148424181754185175e-02
6.998586999999999989e+02 9.174900000000000091e+02 4.087414620644017060e-02
7.035712999999999511e+02 8.847224999999999682e+02 4.132915999688484970e-02
7.072817999999999756e+02 9.174900000000000091e+02 4.117580451443193790e-02
7.109900999999999840e+02 9.437039999999999509e+02 4.036182690143846896e-02
7.146961000000000013e+02 9.109364999999999100e+02 4.072578220976776769e-02
7.183999999999999773e+02 9.174900000000000091e+02 4.072578220976776769e-02
7.221017000000000507e+02 9.437039999999999509e+02 4.072578220976776769e-02
7.258011999999999944e+02 9.305970000000000937e+02 4.072578220976776769e-02
7.294986000000000104e+02 9.109364999999999100e+02 3.842758824581599814e-02
7.331938000000000102e+02 9.043830000000000382e+02 4.148424181754185175e-02
7.368867999999999938e+02 9.109364999999999100e+02 4.132915999688484970e-02
7.405775999999999613e+02 9.502575000000000500e+02 4.072578220976776769e-02
7.442662000000000262e+02 9.305970000000000937e+02 4.102414357732872552e-02
7.479527000000000498e+02 9.371504999999999654e+02 4.102414357732872552e-02
7.516369999999999436e+02 9.174900000000000091e+02 4.117580451443193790e-02
7.553191000000000486e+02 9.633645000000000209e+02 4.036182690143846896e-02
7.589990999999999985e+02 9.437039999999999509e+02 4.057902215692048981e-02
7.626769000000000460e+02 9.371504999999999654e+02 3.993769786124472948e-02
7.663526000000000522e+02 9.437039999999999509e+02 4.050623461463098707e-02
7.700261000000000422e+02 9.437039999999999509e+02 4.072578220976776769e-02
7.736974000000000160e+02 9.240434999999999945e+02 4.065220350069238126e-02
7.773665999999999485e+02 9.174900000000000091e+02 3.855215125724295588e-02
7.810335999999999785e+02 9.961319999999999482e+02 4.007758514720169418e-02
7.846984999999999673e+02 9.174900000000000091e+02 4.109976418266231973e-02
7.883612000000000535e+02 9.764714999999999918e+02 3.979926521643074866e-02
7.920217000000000098e+02 9.371504999999999654e+02 4.050623461463098707e-02
7.956801000000000386e+02 9.699180000000000064e+02 4.036182690143846896e-02
7.993364000000000260e+02 -2.049213325424659615e+01 4.000745808534545561e-02
8.029904999999999973e+02 -1.443060344895684466e+00 4.000745808534545561e-02
8.066425000000000409e+02 -2.827977572591123590e+01 4.043383735459044753e-02
8.102922999999999547e+02 3.006779469423224782e+01 3.945938482393394203e-02
8.139400000000000546e+02 2.942272455828788225e+01 3.932585014376729915e-02
8.175855999999999995e+02 3.532008712362869574e+01 3.932585014376729915e-02
8.212290000000000418e+02 2.154595467140484288e+01 3.986830128777176657e-02
8.248703000000000429e+02 1.207397916807622096e+00 3.993769786124472948e-02
8.285094000000000278e+02 2.673248542043006637e+01 3.993769786124472948e-02
8.321464999999999463e+02 3.258628365607489741e+01 3.973058653675783092e-02
8.357812999999999874e+02 3.842935642429586096e+01 3.945938482393394203e-02
8.394140999999999622e+02 2.460126492236861395e+01 3.973058653675783092e-02
8.430447000000000344e+02 4.353006781533213143e+01 3.912806590510905375e-02
8.466731999999999516e+02 -3.086678691900942795e+00 3.952666430130463010e-02
8.502996000000000549e+02 2.714079218624988243e+00 3.993769786124472948e-02
8.539239000000000033e+02 4.127189305213278203e+01 3.880495495783047727e-02
8.575460000000000491e+02 2.739131142103781258e+01 3.945938482393394203e-02
8.611660000000000537e+02 3.933801212654088886e-01 3.959428909719994033e-02
8.647839999999999918e+02 3.236664220960960847e+01 3.945938482393394203e-02
8.683997000000000526e+02 -7.758861917873446146e+00 4.014808227318474032e-02
8.720134000000000469e+02 1.108690555355769902e+01 3.993769786124472948e-02
8.756250000000000000e+02 3.647597928243055776e+01 3.939244773617265466e-02
8.792344000000000506e+02 4.219439085253202393e+01 3.925958918660062136e-02
8.828418000000000347e+02 2.824216885540033672e+01 3.939244773617265466e-02
8.864470000000000027e+02 2.083333897383590738e+01 3.952666430130463010e-02
8.900502000000000180e+02 2.652142406642144579e+01 3.959428909719994033e-02
8.936512000000000171e+02 2.564594425305574532e+01 3.966226217573246005e-02
8.972500999999999749e+02 2.476041700149471581e+01 3.979926521643074866e-02
9.008469000000000051e+02 1.075785721489978641e+01 3.973058653675783092e-02
9.044416999999999689e+02 4.261977732038974409e+01 3.966226217573246005e-02
9.080343000000000302e+02 2.204368735859804929e+01 3.979926521643074866e-02
9.116248000000000502e+02 5.388559507422928618e+01 3.932585014376729915e-02
9.152133000000000038e+02 7.075506007619424054e+00 3.979926521643074866e-02
9.187996000000000549e+02 1.268342293194405102e+01 3.986830128777176657e-02
9.223839000000000397e+02 -1.379153397872187270e+00 3.993769786124472948e-02
9.259660000000000082e+02 3.697627584940266843e+01 3.925958918660062136e-02
9.295461000000000240e+02 5.566120702151556543e+01 3.945938482393394203e-02
9.331240999999999985e+02 3.501513342393616313e+01 3.966226217573246005e-02
9.367000000000000455e+02 2.091254476206222535e+01 3.993769786124472948e-02
9.402739000000000260e+02 3.956742723977788501e+01 3.986830128777176657e-02
9.438455999999999904e+02 6.476576365901280496e+01 3.932585014376729915e-02
9.474153000000000020e+02 4.407953352030301630e+01 3.945938482393394203e-02
9.509828999999999724e+02 1.027621312435928758e+01 3.966226217573246005e-02
9.545484000000000151e+02 2.233727567463802188e+01 3.899785567411425541e-02
9.581118000000000166e+02 7.370919138092392586e+01 3.893323615056001885e-02
9.616731999999999516e+02 2.676842756392443334e+01 3.764633602081664948e-02
9.652324999999999591e+02 2.569194876087772172e+01 3.973058653675783092e-02
9.687897000000000389e+02 4.426571683217889586e+01 3.932585014376729915e-02
9.723449000000000524e+02 6.938269106902828298e+01 3.939244773617265466e-02
9.758979000000000497e+02 9.293828302104316208e+00 4.000745808534545561e-02
9.794489999999999554e+02 4.749708301126622700e+01 3.932585014376729915e-02
9.829978999999999587e+02 2.015490743628970449e+01 3.932585014376729915e-02
9.865448000000000093e+02 1.246275168864156058e+01 3.966226217573246005e-02
9.900896999999999935e+02 1.786706386429659688e+01 3.906279802663452372e-02
9.936323999999999614e+02 1.670729015760593938e+01 3.952666430130463010e-02
9.971731999999999516e+02 2.209037497621284274e+01 3.939244773617265466e-02
1.000711800000000039e+03 1.435576105703103167e+01 3.945938482393394203e-02
1.004248399999999947e+03 1.316388958328616354e+01 3.966226217573246005e-02
1.007783000000000015e+03 5.407700302628427380e+00 3.959428909719994033e-02
1.011315500000000043e+03 -4.168036835368229731e+01 3.966226217573246005e-02
1.014846000000000004e+03 -2.324437915050543779e+01 4.007758514720169418e-02
1.018374400000000037e+03 1.484110407253547237e+01 3.979926521643074866e-02
1.021900800000000004e+03 -1.261948347649490643e+01 3.973058653675783092e-02
1.025425099999999929e+03 -4.009120741829303824e+01 4.007758514720169418e-02
1.028947400000000016e+03 -2.169963407765726515e+01 3.986830128777176657e-02
1.032467599999999948e+03 -3.319330357715443824e+00 3.966226217573246005e-02
1.035985799999999927e+03 3.471013638696649650e+01 3.919366203817559874e-02
1.039501999999999953e+03 2.030019847840571856e+01 3.959428909719994033e-02
1.043016100000000051e+03 1.243228804435534585e+01 3.919366203817559874e-02
1.046528199999999970e+03 -2.000662851402239539e+00 3.952666430130463010e-02
1.050038199999999961e+03 -9.891654741358706815e+00 3.979926521643074866e-02
1.053546199999999999e+03 -1.779398829178785491e+01 3.966226217573246005e-02
1.057052200000000084e+03 5.068693126966081763e-01 3.939244773617265466e-02
1.060556199999999990e+03 -7.416549299170810627e+00 3.973058653675783092e-02
1.064058099999999968e+03 -2.190321154934258630e+01 3.979926521643074866e-02
1.067557999999999993e+03 1.602891457118289509e+01 3.939244773617265466e-02
1.071055900000000065e+03 3.429185998497769106e+01 3.919366203817559874e-02
1.074551799999999957e+03 1.322565466707146697e+01 3.925958918660062136e-02
1.078045599999999922e+03 -1.440167287064150514e+01 3.966226217573246005e-02
1.081537499999999909e+03 4.315940456116641144e+01 3.912806590510905375e-02
1.085027299999999968e+03 8.964912970591285557e+00 3.919366203817559874e-02
1.088515100000000075e+03 5.340637732653772218e+01 3.880495495783047727e-02
1.092000800000000027e+03 3.230732170141936876e+01 3.867793348786625895e-02
1.095484600000000000e+03 -1.903730585538369269e+00 3.906279802663452372e-02
1.098966300000000047e+03 9.755242520208639689e+00 3.912806590510905375e-02
1.102446099999999888e+03 1.749761297525992632e+00 3.932585014376729915e-02
1.105923800000000028e+03 1.340134373905584653e+01 3.925958918660062136e-02
1.109399499999999989e+03 2.505000504106214976e+01 3.906279802663452372e-02
1.112873199999999997e+03 2.358925774897511474e+01 3.893323615056001885e-02
1.116345000000000027e+03 4.834061190322677248e+01 3.880495495783047727e-02
1.119814699999999903e+03 -1.210492481467713333e+01 3.912806590510905375e-02
1.123282400000000052e+03 3.230465240875741983e+01 3.899785567411425541e-02
1.126748100000000022e+03 6.360684501006608116e+01 3.874128804873500781e-02
1.130211800000000039e+03 4.248115119531894379e+01 3.842758824581599814e-02
1.133673500000000104e+03 1.480256608665195017e+01 3.730147681997378339e-02
1.137133199999999988e+03 7.232058186878498418e+01 3.824298707457667729e-02
1.140590999999999894e+03 2.498418662478047736e+01 3.886893679016272668e-02
1.144046700000000101e+03 6.939886448239371930e+01 3.818204203652911244e-02
1.147500399999999900e+03 6.138809576025801107e+01 3.848971858266136969e-02
1.150952199999999948e+03 2.061285711387108677e+01 3.855215125724295588e-02
1.154402000000000044e+03 3.226912168132253100e+01 3.861488872959494695e-02
1.157849699999999984e+03 5.048285857336486515e+01 3.812138744376645377e-02
1.161295499999999947e+03 2.938003301848902993e+01 3.842758824581599814e-02
1.164739399999999932e+03 5.415660650759946293e+01 3.842758824581599814e-02
1.168181199999999990e+03 3.306403562754576342e+01 3.855215125724295588e-02
1.171621000000000095e+03 5.423772204868555491e+00 3.880495495783047727e-02
1.175058899999999994e+03 3.021776344900376898e+01 3.861488872959494695e-02
1.178494799999999941e+03 4.846495143955894491e+01 3.818204203652911244e-02
1.181928699999999935e+03 4.050527326831524988e+01 3.848971858266136969e-02
1.185360699999999952e+03 4.566016118055927109e+01 3.848971858266136969e-02
1.188790700000000015e+03 4.426954271569820776e+01 3.836575781438026495e-02
1.192218699999999899e+03 1.667334084712342701e+01 3.842758824581599814e-02
1.195644700000000057e+03 8.083497412127189818e+01 3.806102099663935534e-02
1.199068800000000010e+03 5.325685679584489662e+01 3.842758824581599814e-02
1.202490900000000011e+03 5.190239766644776864e+01 3.830422488333522918e-02
1.205911000000000058e+03 8.332550020299959215e+01 3.770474774876240304e-02
1.209329199999999901e+03 8.199156071912784682e+01 3.764633602081664948e-02
1.212745400000000018e+03 8.722196850660998280e+01 3.735829555331804386e-02
1.216159699999999930e+03 1.186776059687661018e+02 3.747271632829868998e-02
1.219571999999999889e+03 6.494934875276953790e+01 3.794114346738735460e-02
1.222982299999999896e+03 6.366106522548307112e+01 3.782239155335486575e-02
1.226390699999999924e+03 6.893861660348420628e+01 3.782239155335486575e-02
1.229797100000000000e+03 8.078235708189208708e+01 3.747271632829868998e-02
1.233201600000000099e+03 5.987163396196524445e+01 3.794114346738735460e-02
1.236604100000000017e+03 9.140228712207681383e+01 3.753032238279591787e-02
1.240004699999999957e+03 3.119764914273559953e+01 3.830422488333522918e-02
1.243403299999999945e+03 6.275604543027156978e+01 3.782239155335486575e-02
1.246799899999999980e+03 8.122179433914880065e+01 3.758819492662904271e-02
1.250194700000000012e+03 8.659520663752732617e+01 3.764633602081664948e-02
1.253587500000000091e+03 7.232308562673711094e+01 3.758819492662904271e-02
1.256978299999999990e+03 5.806622725928741602e+01 3.758819492662904271e-02
1.260367199999999912e+03 1.290204202553791220e+02 3.707676708344509464e-02
1.263754200000000083e+03 6.236694621788956283e+01 3.753032238279591787e-02
1.267139200000000073e+03 4.160407974580266455e+01 3.747271632829868998e-02
1.270522300000000087e+03 1.322670878907097176e+02 3.680150888102009382e-02
1.273903399999999920e+03 1.311977296116917842e+02 3.658566239242729001e-02
1.277282600000000002e+03 9.737775588392105419e+01 3.702122133377812319e-02
1.280659900000000107e+03 7.668190980559597847e+01 3.724491654965256249e-02
1.284035300000000007e+03 7.566392670318896307e+01 3.741537472419547566e-02
1.287408699999999953e+03 6.155653423498074517e+01 3.753032238279591787e-02
1.290780199999999923e+03 5.402045249285902173e+01 3.764633602081664948e-02
1.294149799999999914e+03 7.926989410235705691e+01 3.713256360422702990e-02
1.297517399999999952e+03 7.832356432091455645e+01 3.730147681997378339e-02
1.300883100000000013e+03 7.084216113432989914e+01 3.730147681997378339e-02
1.304246900000000096e+03 6.993287535139461397e+01 3.730147681997378339e-02
1.307608799999999974e+03 7.559589069668413686e+01 3.724491654965256249e-02
1.310968800000000101e+03 8.783138324613673831e+01 3.713256360422702990e-02
1.314326800000000048e+03 4.765802151609909743e+01 3.730147681997378339e-02
1.317682900000000018e+03 9.925296720583014576e+01 3.691087467600700361e-02
1.321037100000000009e+03 5.911837528273690623e+01 3.718861278873861198e-02
1.324389400000000023e+03 6.487789406567844708e+01 3.696592448239980483e-02
1.327739800000000059e+03 9.031766465097689434e+01 3.696592448239980483e-02
1.331088299999999890e+03 3.058182099181362901e+01 3.741537472419547566e-02
1.334434799999999996e+03 8.882898997565348509e+01 3.696592448239980483e-02
1.337779500000000098e+03 6.845429149967867488e+01 3.696592448239980483e-02
1.341122200000000021e+03 6.776033854422212244e+01 3.713256360422702990e-02
1.344463099999999940e+03 4.742623724418831443e+01 3.718861278873861198e-02
1.347801999999999907e+03 1.123080869584459833e+02 3.653229159465802567e-02
1.351139100000000099e+03 5.924748033719060913e+01 3.713256360422702990e-02
1.354474200000000110e+03 9.795650338725840811e+01 3.658566239242729001e-02
1.357807399999999916e+03 7.770473488003676721e+01 3.702122133377812319e-02
1.361138799999999947e+03 6.402724641266217986e+01 3.707676708344509464e-02
1.364468200000000024e+03 5.037060246714827372e+01 3.718861278873861198e-02
1.367795800000000099e+03 5.639535981208177873e+01 3.718861278873861198e-02
1.371121399999999994e+03 8.865506755759065527e+01 3.696592448239980483e-02
1.374445200000000114e+03 6.850776720821545496e+01 3.680150888102009382e-02
1.377767000000000053e+03 8.114899271368994960e+01 3.696592448239980483e-02
1.381086999999999989e+03 8.725777051762020164e+01 3.685607008055883510e-02
1.384405099999999948e+03 6.717361960406333310e+01 3.680150888102009382e-02
1.387721299999999928e+03 7.332455154199942626e+01 3.653229159465802567e-02
1.391035599999999931e+03 7.294307052769681832e+01 3.685607008055883510e-02
1.394348099999999931e+03 9.879667342496782112e+01 3.674718928110869837e-02
1.397658599999999979e+03 1.246713498033182077e+02 3.637356980883809515e-02
1.400967300000000023e+03 9.813908197398609445e+01 3.663926778731921297e-02
1.404274100000000089e+03 9.128834502387303473e+01 3.669310950304736918e-02
1.407578999999999951e+03 7.790510684737228075e+01 3.669310950304736918e-02
1.410882000000000062e+03 5.798932752074188102e+01 3.685607008055883510e-02
1.414183199999999943e+03 4.464795998507975128e+01 3.707676708344509464e-02
1.417482500000000073e+03 6.409495007184955284e+01 3.696592448239980483e-02
1.420779899999999998e+03 3.768823652631976984e+01 3.696592448239980483e-02
1.424075499999999920e+03 8.339075168426302298e+01 3.653229159465802567e-02
1.427369099999999889e+03 5.702542149122768933e+01 3.707676708344509464e-02
1.430660900000000083e+03 8.310866551973640526e+01 3.658566239242729001e-02
1.433950900000000047e+03 4.367739698441937435e+01 3.707676708344509464e-02
1.437239000000000033e+03 8.946202275508926505e+01 3.669310950304736918e-02
1.440525200000000041e+03 3.696444336777040007e+01 3.691087467600700361e-02
1.443809500000000071e+03 4.346855303368329260e+01 3.707676708344509464e-02
1.447092000000000098e+03 4.999273964620419974e+01 3.685607008055883510e-02
1.450372599999999920e+03 6.309038544115242075e+01 3.663926778731921297e-02
1.453651399999999967e+03 6.310086634437334396e+01 3.669310950304736918e-02
1.456928300000000036e+03 4.347055197267332005e+01 3.680150888102009382e-02
1.460203400000000101e+03 3.041330628812147552e+01 3.707676708344509464e-02
1.463476599999999962e+03 6.324998759503159818e+01 3.685607008055883510e-02
1.466747900000000072e+03 6.989194853498634075e+01 3.658566239242729001e-02
1.470017399999999952e+03 7.655303607991868375e+01 3.674718928110869837e-02
1.473285000000000082e+03 6.357259152326719231e+01 3.691087467600700361e-02
1.476550799999999981e+03 2.439695046921679022e+01 3.702122133377812319e-02
1.479814800000000105e+03 7.043544347539295813e+01 3.685607008055883510e-02
1.483076900000000023e+03 4.440389603832636567e+01 3.551163456966775073e-02
1.486337099999999964e+03 1.839062857705243914e+01 3.741537472419547566e-02
1.489595499999999902e+03 5.793045641486742170e+01 3.702122133377812319e-02
1.492852100000000064e+03 5.739190414603854151e+00 3.730147681997378339e-02
1.496106800000000021e+03 8.463563695674747578e+01 3.663926778731921297e-02
1.499359699999999975e+03 5.869359791576493990e+01 3.691087467600700361e-02
1.502610799999999927e+03 2.621537063465916617e+01 3.718861278873861198e-02
1.505859999999999900e+03 3.962874789777197293e+01 3.685607008055883510e-02
1.509107400000000098e+03 2.684501790185845493e+01 3.724491654965256249e-02
1.512352900000000091e+03 5.339896422544848065e+01 3.663926778731921297e-02
1.515596600000000080e+03 4.720186579651954162e+01 3.696592448239980483e-02
1.518838500000000067e+03 1.480699685850208880e+01 3.707676708344509464e-02
1.522078600000000051e+03 4.796312758999010839e+01 3.685607008055883510e-02
1.525316800000000057e+03 5.492102537817595476e+01 3.663926778731921297e-02
1.528553200000000061e+03 4.878745477998927527e+01 3.663926778731921297e-02
1.531787700000000086e+03 4.922267748165700141e+01 3.647915368784841739e-02
1.535020500000000084e+03 2.345895225671051776e+01 3.713256360422702990e-02
1.538251400000000103e+03 2.392403492246262431e+01 3.702122133377812319e-02
1.541480499999999893e+03 4.743178294981134968e+00 3.707676708344509464e-02
1.544707799999999907e+03 3.145113279793008587e+01 3.696592448239980483e-02
1.547933199999999943e+03 5.745146414603595986e+00 3.713256360422702990e-02
1.551156899999999951e+03 1.282046529388321687e+01 3.702122133377812319e-02
1.554378699999999981e+03 -1.941166630056454778e+01 3.730147681997378339e-02
1.557598700000000008e+03 7.350994612879958368e+00 3.691087467600700361e-02
1.560816900000000032e+03 1.359189680252711696e+00 3.696592448239980483e-02
1.564033300000000054e+03 3.470115915713859067e+01 3.685607008055883510e-02
1.567247800000000097e+03 2.520641852504695635e+00 3.691087467600700361e-02
1.570460600000000113e+03 -9.987124928749153696e+00 3.730147681997378339e-02
1.573671599999999899e+03 1.683809521086300265e+01 3.702122133377812319e-02
1.576880699999999933e+03 1.746103770148806689e+01 3.702122133377812319e-02
1.580087999999999965e+03 3.775593694481426610e+01 3.663926778731921297e-02
1.583293599999999969e+03 -3.368697374822545498e+01 3.724491654965256249e-02
1.586497299999999996e+03 2.595103843445849634e+01 3.702122133377812319e-02
1.589699200000000019e+03 3.317170574155306895e+01 3.674718928110869837e-02
1.592899400000000014e+03 -1.202524020730970733e+01 3.691087467600700361e-02
1.596097700000000032e+03 -4.784068488268985675e+00 3.696592448239980483e-02
1.599294200000000046e+03 -1.064004894099025478e+01 3.707676708344509464e-02
1.602488900000000058e+03 -2.959345223743230235e+01 3.702122133377812319e-02
1.605681900000000041e+03 1.044395004840043839e+01 3.713256360422702990e-02
1.608873000000000047e+03 1.772288536974815543e+01 3.663926778731921297e-02
1.612062400000000025e+03 1.190358013545687754e+01 3.696592448239980483e-02
1.615249900000000025e+03 1.264625963743151260e+01 3.713256360422702990e-02
1.618435699999999997e+03 2.901479772192487872e-01 3.713256360422702990e-02
1.621619699999999966e+03 3.381651528433030762e+01 3.663926778731921297e-02
1.624801899999999932e+03 1.815631659257860520e+00 3.702122133377812319e-02
1.627982299999999896e+03 -3.963732902406263747e+00 3.680150888102009382e-02
1.631160900000000083e+03 2.303169141336638859e+01 3.663926778731921297e-02
1.634337700000000041e+03 -8.947325838373444640e+00 3.718861278873861198e-02
1.637512799999999970e+03 -3.436601543969482009e+01 3.753032238279591787e-02
1.640686099999999897e+03 5.818489141136660692e+01 3.669310950304736918e-02
1.643857600000000048e+03 1.967216302127485505e+01 3.685607008055883510e-02
1.647027299999999968e+03 -5.727432879195703208e+00 3.713256360422702990e-02
1.650195200000000114e+03 1.646370784213331717e+00 3.707676708344509464e-02
1.653361400000000003e+03 1.557934100315378600e+01 3.663926778731921297e-02
1.656525799999999890e+03 -3.249755395360580223e+00 3.730147681997378339e-02
1.659688400000000001e+03 -2.413151831549612325e+00 3.707676708344509464e-02
1.662849200000000110e+03 -2.778558205600870679e+01 3.735829555331804386e-02
1.666008299999999963e+03 3.859571976663232817e+01 3.484602953383533763e-02
1.669165600000000040e+03 -1.298148102644972823e+01 3.730147681997378339e-02
1.672321200000000090e+03 2.719458031910016871e+01 3.691087467600700361e-02
1.675474899999999934e+03 -4.713832110265684605e+00 3.685607008055883510e-02
1.678626899999999978e+03 9.256045018497161436e+00 3.713256360422702990e-02
1.681777199999999993e+03 2.322947419911611178e+01 3.707676708344509464e-02
1.684925600000000031e+03 1.754571699971256749e+01 3.730147681997378339e-02
1.688072400000000016e+03 1.841853397616114307e+01 3.702122133377812319e-02
1.691217300000000023e+03 1.274068458511351309e+01 3.718861278873861198e-02
1.694360500000000002e+03 4.638642775206767510e+01 3.691087467600700361e-02
1.697501999999999953e+03 2.760652178380382793e+01 3.707676708344509464e-02
1.700641599999999926e+03 1.538222493590774320e+01 3.702122133377812319e-02
1.703779600000000073e+03 3.159794669363463981e+00 3.702122133377812319e-02
1.706915700000000015e+03 -2.507512437719242371e+00 3.702122133377812319e-02
1.710050199999999904e+03 -1.619940778560021499e+00 3.702122133377812319e-02
1.713182800000000043e+03 -7.312358063272768050e-01 3.702122133377812319e-02
1.716313699999999926e+03 6.711855877104426327e+00 3.707676708344509464e-02
1.719442900000000009e+03 7.602086432283613249e+00 3.707676708344509464e-02
1.722570300000000088e+03 8.492706693222544345e+00 3.707676708344509464e-02
1.725695999999999913e+03 9.383466078375931829e+00 3.707676708344509464e-02
1.728819899999999961e+03 1.682761315692664539e+01 3.713256360422702990e-02
1.731942099999999982e+03 1.771789555971008667e+01 3.713256360422702990e-02
1.735062599999999975e+03 1.860755989015046907e+01 3.713256360422702990e-02
1.738181299999999965e+03 2.604985163523133451e+01 3.702122133377812319e-02
1.741298199999999952e+03 7.235150765311573196e-01 3.702122133377812319e-02
1.744413500000000113e+03 4.093079320134256704e+01 3.685607008055883510e-02
1.747526900000000069e+03 6.802942761390499982e+01 3.685607008055883510e-02
1.750638699999999972e+03 -1.628334155321999788e+01 3.741537472419547566e-02
1.753748700000000099e+03 -1.540277572761533520e+01 3.741537472419547566e-02
1.756856999999999971e+03 -1.452463798528015104e+01 3.713256360422702990e-02
1.759963500000000067e+03 6.011306861312505134e+00 3.735829555331804386e-02
1.763068400000000111e+03 1.999079217540429454e+01 3.718861278873861198e-02
1.766171499999999924e+03 2.086004940840484778e+01 3.713256360422702990e-02
1.769272799999999961e+03 3.483280801264527327e+01 3.674718928110869837e-02
1.772372399999999971e+03 2.914129600980140822e+01 3.707676708344509464e-02
1.775470299999999952e+03 1.033873990431766288e+01 3.724491654965256249e-02
1.778566499999999905e+03 3.085286525255969536e+01 3.680150888102009382e-02
1.781661000000000058e+03 -1.417260342298277465e+01 3.724491654965256249e-02
1.784753699999999981e+03 1.943905728094296137e+01 3.696592448239980483e-02
1.787844700000000103e+03 5.304567722137244346e+01 3.674718928110869837e-02
1.790933999999999969e+03 1.451608377468346589e+00 3.724491654965256249e-02
1.794021600000000035e+03 2.194070266662674840e+01 3.702122133377812319e-02
1.797107500000000073e+03 3.103310550382275323e+00 3.674718928110869837e-02
1.800191600000000108e+03 -2.632717737752045650e+00 3.680150888102009382e-02
1.803273999999999887e+03 -8.374532274593775583e+00 3.685607008055883510e-02
1.806354700000000093e+03 -1.412228352903980522e+01 3.691087467600700361e-02
1.809433700000000044e+03 -1.332262244323396772e+01 3.702122133377812319e-02
1.812510999999999967e+03 -1.908270051314252669e+01 3.707676708344509464e-02
1.815586600000000089e+03 -1.829566986851932597e+01 3.713256360422702990e-02
1.818660499999999956e+03 -2.406868335224930888e+01 3.718861278873861198e-02
1.821732600000000048e+03 2.913310540094948919e+01 3.691087467600700361e-02
1.824803100000000086e+03 3.686042541826964225e+00 3.713256360422702990e-02
1.827871799999999894e+03 1.755297392922147992e+01 3.680150888102009382e-02
1.830938900000000103e+03 6.418024505336802576e+01 3.647915368784841739e-02
1.834004200000000083e+03 1.905120095990127993e+01 3.658566239242729001e-02
1.837067900000000009e+03 6.682186174584103355e+00 3.730147681997378339e-02
1.840129799999999932e+03 2.051954331805586662e+01 3.696592448239980483e-02
1.843190100000000029e+03 4.090261303203942589e+01 3.696592448239980483e-02
1.846248599999999897e+03 2.296233906301267780e+00 3.730147681997378339e-02
1.849305399999999963e+03 3.002742406396919250e+00 3.702122133377812319e-02
1.852360599999999977e+03 2.991497280220801258e+01 3.669310950304736918e-02
1.855414099999999962e+03 4.371175709729209302e+01 3.691087467600700361e-02
1.858465799999999945e+03 3.128592495905832038e+01 3.658566239242729001e-02
1.861515900000000101e+03 3.195830364979133265e+01 3.702122133377812319e-02
1.864564300000000003e+03 6.538921795853229924e+01 3.637356980883809515e-02
1.867611000000000104e+03 2.672249013384089267e+01 3.702122133377812319e-02
1.870655999999999949e+03 7.706939817456031960e+00 3.718861278873861198e-02
1.873699299999999994e+03 -1.787161536578400955e+01 3.730147681997378339e-02
1.876740900000000011e+03 2.207514012756541888e+01 3.696592448239980483e-02
1.879780899999999974e+03 4.235152035136002269e+01 3.685607008055883510e-02
1.882819099999999935e+03 -2.917161537359106660e+00 3.707676708344509464e-02
1.885855700000000070e+03 3.044590666004614832e+01 3.696592448239980483e-02
1.888890599999999949e+03 -2.795046387677029998e+01 3.735829555331804386e-02
1.891923800000000028e+03 -1.161962391346150980e+00 3.718861278873861198e-02
1.894955400000000054e+03 5.955395345523811557e+00 3.735829555331804386e-02
1.897985200000000077e+03 1.961570964308612020e+01 3.696592448239980483e-02
1.901013400000000047e+03 1.022346000000000004e+03 3.747271632829868998e-02
1.904039999999999964e+03 1.048559999999999945e+03 3.735829555331804386e-02
1.907064800000000105e+03 1.028899499999999989e+03 3.741537472419547566e-02
1.910087999999999965e+03 1.068220499999999902e+03 3.730147681997378339e-02
1.913109500000000025e+03 1.055113499999999931e+03 3.730147681997378339e-02
1.916129300000000057e+03 1.035453000000000202e+03 3.747271632829868998e-02
1.919147400000000061e+03 1.055113499999999931e+03 3.730147681997378339e-02
1.922163900000000012e+03 1.022346000000000004e+03 3.753032238279591787e-02
1.925178799999999910e+03 1.035453000000000202e+03 3.735829555331804386e-02
1.928191900000000032e+03 1.074774000000000115e+03 3.696592448239980483e-02
1.931203400000000101e+03 1.035453000000000202e+03 3.724491654965256249e-02
1.934213199999999915e+03 1.068220499999999902e+03 3.707676708344509464e-02
1.937221399999999903e+03 1.081327500000000100e+03 3.702122133377812319e-02
1.940227900000000091e+03 1.022346000000000004e+03 3.747271632829868998e-02
1.943232799999999997e+03 1.068220499999999902e+03 3.680150888102009382e-02
1.946236000000000104e+03 1.087881000000000085e+03 3.702122133377812319e-02
1.949237499999999955e+03 1.068220499999999902e+03 3.702122133377812319e-02
1.952237399999999980e+03 1.055113499999999931e+03 3.713256360422702990e-02
1.955235599999999977e+03 1.081327500000000100e+03 3.691087467600700361e-02
1.958232199999999921e+03 1.068220499999999902e+03 3.713256360422702990e-02
1.961227100000000064e+03 1.061666999999999916e+03 3.713256360422702990e-02
1.964220299999999952e+03 1.087881000000000085e+03 3.685607008055883510e-02
1.967211999999999989e+03 1.055113499999999931e+03 3.713256360422702990e-02
1.970201900000000023e+03 1.028899499999999989e+03 3.747271632829868998e-02
1.973190200000000004e+03 1.055113499999999931e+03 3.696592448239980483e-02
1.976176899999999932e+03 1.035453000000000202e+03 3.696592448239980483e-02
1.979161900000000060e+03 1.087881000000000085e+03 3.680150888102009382e-02
1.982145299999999907e+03 1.035453000000000202e+03 3.730147681997378339e-02
1.985127099999999928e+03 1.055113499999999931e+03 3.707676708344509464e-02
1.988107199999999921e+03 1.068220499999999902e+03 3.680150888102009382e-02
1.991085600000000113e+03 1.074774000000000115e+03 3.696592448239980483e-02
1.994062400000000025e+03 1.081327500000000100e+03 3.680150888102009382e-02
1.997037600000000111e+03 1.081327500000000100e+03 3.680150888102009382e-02
2.000011199999999917e+03 1.120648500000000013e+03 3.637356980883809515e-02
2.002983099999999922e+03 1.055113499999999931e+03 3.691087467600700361e-02
2.005953299999999899e+03 1.068220499999999902e+03 3.691087467600700361e-02
2.008922000000000025e+03 1.087881000000000085e+03 3.663926778731921297e-02
2.011888999999999896e+03 1.081327500000000100e+03 3.669310950304736918e-02
2.014854299999999967e+03 1.042006499999999960e+03 3.702122133377812319e-02
2.017818099999999959e+03 1.035453000000000202e+03 3.718861278873861198e-02
2.020780199999999923e+03 1.048559999999999945e+03 3.674718928110869837e-02
2.023740700000000061e+03 1.114095000000000027e+03 3.653229159465802567e-02
2.026699499999999944e+03 1.061666999999999916e+03 3.691087467600700361e-02
2.029656799999999976e+03 1.074774000000000115e+03 3.696592448239980483e-02
2.032612399999999980e+03 1.015792500000000018e+03 3.741537472419547566e-02
2.035566399999999931e+03 1.022346000000000004e+03 3.741537472419547566e-02
2.038518700000000081e+03 1.048559999999999945e+03 3.685607008055883510e-02
2.041469499999999925e+03 1.055113499999999931e+03 3.691087467600700361e-02
2.044418599999999969e+03 1.048559999999999945e+03 3.707676708344509464e-02
2.047366099999999960e+03 1.028899499999999989e+03 3.702122133377812319e-02
2.050311999999999898e+03 1.015792500000000018e+03 3.724491654965256249e-02
2.053256199999999808e+03 1.055113499999999931e+03 3.691087467600700361e-02
2.056198899999999867e+03 1.028899499999999989e+03 3.707676708344509464e-02
2.059139900000000125e+03 1.048559999999999945e+03 3.707676708344509464e-02
2.062079299999999876e+03 1.055113499999999931e+03 3.680150888102009382e-02
2.065017199999999775e+03 1.042006499999999960e+03 3.713256360422702990e-02
2.067953399999999874e+03 1.074774000000000115e+03 3.674718928110869837e-02
2.070887999999999920e+03 1.061666999999999916e+03 3.685607008055883510e-02
2.073820900000000165e+03 1.048559999999999945e+03 3.680150888102009382e-02
2.076752300000000105e+03 1.009239000000000033e+03 3.718861278873861198e-02
2.079682099999999991e+03 1.042006499999999960e+03 3.685607008055883510e-02
2.082610200000000077e+03 1.028899499999999989e+03 3.713256360422702990e-02
2.085536799999999857e+03 1.022346000000000004e+03 3.713256360422702990e-02
2.088461800000000039e+03 1.022346000000000004e+03 3.713256360422702990e-02
2.091385099999999966e+03 1.048559999999999945e+03 3.691087467600700361e-02
2.094306900000000041e+03 1.028899499999999989e+03 3.724491654965256249e-02
2.097226999999999862e+03 1.028899499999999989e+03 3.713256360422702990e-02
2.100145599999999831e+03 9.961319999999999482e+02 3.735829555331804386e-02
2.103062500000000000e+03 1.035453000000000202e+03 3.696592448239980483e-02
2.105977899999999863e+03 1.035453000000000202e+03 3.713256360422702990e-02
2.108891700000000128e+03 1.015792500000000018e+03 3.713256360422702990e-02
2.111803800000000138e+03 1.055113499999999931e+03 3.691087467600700361e-02
2.114714399999999841e+03 1.035453000000000202e+03 3.674718928110869837e-02
2.117623399999999947e+03 1.068220499999999902e+03 3.674718928110869837e-02
2.120530799999999999e+03 1.055113499999999931e+03 3.685607008055883510e-02
2.123436599999999999e+03 1.055113499999999931e+03 3.685607008055883510e-02
2.126340799999999945e+03 1.028899499999999989e+03 3.696592448239980483e-02
2.129243500000000040e+03 1.022346000000000004e+03 3.702122133377812319e-02
2.132144499999999880e+03 1.009239000000000033e+03 3.691087467600700361e-02
2.135043999999999869e+03 1.022346000000000004e+03 3.702122133377812319e-02
2.137941899999999805e+03 1.048559999999999945e+03 3.674718928110869837e-02
2.140838099999999940e+03 1.048559999999999945e+03 3.680150888102009382e-02
2.143732899999999972e+03 1.048559999999999945e+03 3.669310950304736918e-02
2.146626000000000204e+03 1.048559999999999945e+03 3.647915368784841739e-02
2.149517499999999927e+03 1.028899499999999989e+03 3.663926778731921297e-02
2.152407499999999800e+03 1.055113499999999931e+03 3.647915368784841739e-02
2.155295900000000074e+03 1.035453000000000202e+03 3.680150888102009382e-02
2.158182699999999841e+03 1.028899499999999989e+03 3.691087467600700361e-02
2.161068000000000211e+03 1.015792500000000018e+03 3.669310950304736918e-02
2.163951599999999871e+03 1.009239000000000033e+03 3.680150888102009382e-02
2.166833700000000135e+03 1.022346000000000004e+03 3.674718928110869837e-02
2.169714300000000094e+03 1.022346000000000004e+03 3.702122133377812319e-02
2.172593199999999797e+03 1.015792500000000018e+03 3.707676708344509464e-02
2.175470600000000104e+03 1.061666999999999916e+03 3.674718928110869837e-02
2.178346399999999903e+03 9.895785000000000764e+02 3.724491654965256249e-02
2.181220699999999852e+03 9.961319999999999482e+02 3.724491654965256249e-02
2.184093299999999999e+03 9.830249999999999773e+02 3.718861278873861198e-02
2.186964500000000044e+03 1.009239000000000033e+03 3.493882871155977454e-02
2.189833999999999833e+03 1.009239000000000033e+03 3.713256360422702990e-02
2.192702000000000226e+03 1.009239000000000033e+03 3.658566239242729001e-02
2.195568400000000111e+03 9.895785000000000764e+02 3.691087467600700361e-02
2.198433300000000145e+03 1.002685499999999934e+03 3.669310950304736918e-02
2.201296600000000126e+03 1.002685499999999934e+03 3.713256360422702990e-02
2.204158300000000054e+03 1.042006499999999960e+03 3.626889744848886543e-02
2.207018500000000131e+03 1.009239000000000033e+03 3.696592448239980483e-02
2.209877199999999903e+03 1.002685499999999934e+03 3.702122133377812319e-02
2.212734199999999873e+03 1.035453000000000202e+03 3.685607008055883510e-02
2.215589800000000196e+03 1.002685499999999934e+03 3.663926778731921297e-02
2.218443699999999808e+03 1.022346000000000004e+03 3.658566239242729001e-02
2.221296200000000226e+03 9.961319999999999482e+02 3.702122133377812319e-02
2.224146999999999935e+03 9.895785000000000764e+02 3.718861278873861198e-02
2.226996299999999792e+03 9.699180000000000064e+02 3.718861278873861198e-02
2.229844099999999798e+03 9.895785000000000764e+02 3.713256360422702990e-02
2.232690300000000207e+03 9.699180000000000064e+02 3.735829555331804386e-02
2.235534999999999854e+03 9.764714999999999918e+02 3.735829555331804386e-02
2.238378099999999904e+03 9.699180000000000064e+02 3.741537472419547566e-02
2.241219700000000103e+03 9.699180000000000064e+02 3.741537472419547566e-02
2.244059699999999793e+03 9.502575000000000500e+02 3.718861278873861198e-02
2.246898200000000088e+03 9.305970000000000937e+02 3.782239155335486575e-02
2.249735200000000077e+03 9.830249999999999773e+02 3.730147681997378339e-02
2.252570600000000013e+03 9.830249999999999773e+02 3.718861278873861198e-02
2.255404500000000098e+03 9.699180000000000064e+02 3.713256360422702990e-02
2.258236800000000130e+03 9.699180000000000064e+02 3.730147681997378339e-02
2.261067599999999857e+03 9.699180000000000064e+02 3.735829555331804386e-02
2.263896799999999985e+03 9.633645000000000209e+02 3.718861278873861198e-02
2.266724600000000009e+03 9.830249999999999773e+02 3.691087467600700361e-02
2.269550799999999981e+03 9.502575000000000500e+02 3.718861278873861198e-02
2.272375399999999900e+03 9.830249999999999773e+02 3.707676708344509464e-02
2.275198499999999967e+03 9.699180000000000064e+02 3.718861278873861198e-02
2.278020100000000184e+03 9.568110000000000355e+02 3.696592448239980483e-02
2.280840200000000095e+03 1.009239000000000033e+03 3.663926778731921297e-02
2.283658699999999953e+03 9.961319999999999482e+02 3.674718928110869837e-02
2.286475699999999961e+03 9.830249999999999773e+02 3.702122133377812319e-02
2.289291200000000117e+03 9.502575000000000500e+02 3.713256360422702990e-02
2.292105199999999968e+03 9.830249999999999773e+02 3.696592448239980483e-02
2.294917600000000220e+03 9.830249999999999773e+02 3.696592448239980483e-02
2.297728500000000167e+03 9.961319999999999482e+02 3.663926778731921297e-02
2.300537899999999809e+03 9.633645000000000209e+02 3.707676708344509464e-02
2.303345699999999852e+03 9.633645000000000209e+02 3.718861278873861198e-02
2.306152099999999791e+03 9.633645000000000209e+02 3.691087467600700361e-02
2.308956900000000132e+03 9.699180000000000064e+02 3.685607008055883510e-02
2.311760200000000168e+03 9.305970000000000937e+02 3.730147681997378339e-02
2.314561999999999898e+03 9.699180000000000064e+02 3.691087467600700361e-02
2.317362200000000030e+03 9.240434999999999945e+02 3.753032238279591787e-02
2.320161000000000058e+03 9.305970000000000937e+02 3.730147681997378339e-02
2.322958200000000033e+03 9.895785000000000764e+02 3.685607008055883510e-02
2.325753999999999905e+03 9.305970000000000937e+02 3.735829555331804386e-02
2.328548200000000179e+03 9.633645000000000209e+02 3.713256360422702990e-02
2.331340900000000147e+03 9.633645000000000209e+02 3.702122133377812319e-02
2.334132099999999809e+03 9.568110000000000355e+02 3.707676708344509464e-02
2.336921800000000076e+03 9.502575000000000500e+02 3.730147681997378339e-02
2.339709899999999834e+03 9.502575000000000500e+02 3.680150888102009382e-02
2.342496599999999944e+03 9.437039999999999509e+02 3.741537472419547566e-02
2.345281800000000203e+03 9.764714999999999918e+02 3.685607008055883510e-02
2.348065399999999954e+03 9.240434999999999945e+02 3.724491654965256249e-02
2.350847600000000057e+03 9.764714999999999918e+02 3.685607008055883510e-02
2.353628200000000106e+03 9.437039999999999509e+02 3.730147681997378339e-02
2.356407400000000052e+03 9.699180000000000064e+02 3.680150888102009382e-02
2.359184999999999945e+03 9.240434999999999945e+02 3.724491654965256249e-02
2.361961099999999988e+03 9.109364999999999100e+02 3.747271632829868998e-02
2.364735799999999927e+03 9.305970000000000937e+02 3.724491654965256249e-02
2.367508899999999812e+03 9.633645000000000209e+02 3.713256360422702990e-02
2.370280600000000049e+03 9.437039999999999509e+02 3.713256360422702990e-02
2.373050799999999981e+03 9.437039999999999509e+02 3.724491654965256249e-02
2.375819399999999860e+03 9.109364999999999100e+02 3.753032238279591787e-02
2.378586600000000089e+03 9.437039999999999509e+02 3.696592448239980483e-02
2.381352300000000014e+03 9.240434999999999945e+02 3.730147681997378339e-02
2.384116399999999885e+03 9.043830000000000382e+02 3.770474774876240304e-02
2.386879100000000108e+03 9.240434999999999945e+02 3.735829555331804386e-02
2.389640300000000025e+03 9.305970000000000937e+02 3.730147681997378339e-02
2.392400099999999838e+03 9.109364999999999100e+02 3.747271632829868998e-02
2.395158300000000054e+03 9.502575000000000500e+02 3.735829555331804386e-02
2.397914999999999964e+03 8.978295000000000528e+02 3.741537472419547566e-02
2.400670300000000225e+03 9.174900000000000091e+02 3.741537472419547566e-02
2.403424100000000180e+03 8.781689999999999827e+02 3.788162791158318499e-02
2.406176300000000083e+03 8.912759999999999536e+02 3.758819492662904271e-02
2.408927099999999882e+03 9.109364999999999100e+02 3.764633602081664948e-02
2.411676500000000033e+03 9.240434999999999945e+02 3.741537472419547566e-02
2.414424300000000130e+03 9.240434999999999945e+02 3.713256360422702990e-02
2.417170700000000124e+03 9.174900000000000091e+02 3.724491654965256249e-02
2.419915599999999813e+03 9.502575000000000500e+02 3.702122133377812319e-02
2.422659000000000106e+03 9.437039999999999509e+02 3.707676708344509464e-02
2.425400900000000092e+03 9.830249999999999773e+02 3.669310950304736918e-02
2.428141399999999976e+03 9.305970000000000937e+02 3.707676708344509464e-02
2.430880299999999806e+03 9.109364999999999100e+02 3.741537472419547566e-02
2.433617799999999988e+03 9.174900000000000091e+02 3.724491654965256249e-02
2.436353900000000067e+03 9.371504999999999654e+02 3.713256360422702990e-02
2.439088400000000092e+03 9.109364999999999100e+02 3.730147681997378339e-02
2.441821500000000015e+03 9.568110000000000355e+02 3.702122133377812319e-02
2.444553199999999833e+03 9.174900000000000091e+02 3.702122133377812319e-02
2.447283300000000054e+03 9.502575000000000500e+02 3.696592448239980483e-02
2.450012000000000171e+03 9.240434999999999945e+02 3.718861278873861198e-02
2.452739199999999983e+03 9.174900000000000091e+02 3.713256360422702990e-02
2.455465000000000146e+03 9.371504999999999654e+02 3.713256360422702990e-02
2.458189300000000003e+03 8.912759999999999536e+02 3.735829555331804386e-02
2.460912100000000009e+03 9.437039999999999509e+02 3.707676708344509464e-02
2.463633499999999913e+03 9.043830000000000382e+02 3.753032238279591787e-02
2.466353399999999965e+03 9.174900000000000091e+02 3.730147681997378339e-02
2.469071800000000167e+03 8.716154999999999973e+02 3.770474774876240304e-02
2.471788799999999810e+03 8.978295000000000528e+02 3.753032238279591787e-02
2.474504300000000057e+03 9.633645000000000209e+02 3.691087467600700361e-02
2.477218400000000202e+03 9.109364999999999100e+02 3.735829555331804386e-02
2.479931000000000040e+03 9.371504999999999654e+02 3.718861278873861198e-02
2.482642100000000028e+03 9.568110000000000355e+02 3.707676708344509464e-02
2.485351799999999912e+03 9.371504999999999654e+02 3.718861278873861198e-02
2.488060100000000148e+03 9.305970000000000937e+02 3.730147681997378339e-02
2.490766900000000078e+03 8.978295000000000528e+02 3.741537472419547566e-02
2.493472200000000157e+03 9.305970000000000937e+02 3.696592448239980483e-02
2.496176100000000133e+03 9.240434999999999945e+02 3.713256360422702990e-02
2.498878499999999804e+03 9.305970000000000937e+02 3.713256360422702990e-02
2.501579499999999825e+03 9.109364999999999100e+02 3.730147681997378339e-02
2.504279100000000199e+03 9.240434999999999945e+02 3.724491654965256249e-02
2.506977199999999812e+03 9.240434999999999945e+02 3.685607008055883510e-02
2.509673800000000028e+03 8.978295000000000528e+02 3.702122133377812319e-02
2.512369000000000142e+03 9.043830000000000382e+02 3.741537472419547566e-02
2.515062800000000152e+03 9.371504999999999654e+02 3.718861278873861198e-02
2.517755099999999857e+03 8.650620000000000118e+02 3.788162791158318499e-02
2.520445999999999913e+03 8.912759999999999536e+02 3.764633602081664948e-02
2.523135400000000118e+03 8.585085000000000264e+02 3.794114346738735460e-02
2.525823400000000220e+03 8.912759999999999536e+02 3.753032238279591787e-02
2.528510000000000218e+03 8.716154999999999973e+02 3.782239155335486575e-02
2.531195099999999911e+03 8.585085000000000264e+02 3.758819492662904271e-02
2.533878799999999956e+03 8.847224999999999682e+02 3.758819492662904271e-02
2.536561000000000149e+03 8.650620000000000118e+02 3.794114346738735460e-02
2.539241799999999785e+03 8.912759999999999536e+02 3.747271632829868998e-02
2.541921200000000226e+03 8.912759999999999536e+02 3.782239155335486575e-02
2.544599099999999908e+03 8.716154999999999973e+02 3.776343221656854043e-02
2.547275700000000143e+03 9.043830000000000382e+02 3.758819492662904271e-02
2.549950699999999870e+03 8.519549999999999272e+02 3.788162791158318499e-02
2.552624400000000151e+03 8.978295000000000528e+02 3.753032238279591787e-02
2.555296600000000126e+03 8.650620000000000118e+02 3.812138744376645377e-02
2.557967399999999998e+03 8.716154999999999973e+02 3.782239155335486575e-02
2.560636800000000221e+03 8.912759999999999536e+02 3.764633602081664948e-02
2.563304700000000139e+03 8.847224999999999682e+02 3.770474774876240304e-02
2.565971199999999953e+03 8.650620000000000118e+02 3.782239155335486575e-02
2.568636300000000119e+03 8.978295000000000528e+02 3.770474774876240304e-02
2.571300000000000182e+03 8.912759999999999536e+02 3.764633602081664948e-02
2.573962199999999939e+03 8.650620000000000118e+02 3.788162791158318499e-02
2.576623000000000047e+03 9.109364999999999100e+02 3.724491654965256249e-02
2.579282400000000052e+03 8.716154999999999973e+02 3.758819492662904271e-02
2.581940399999999954e+03 8.781689999999999827e+02 3.764633602081664948e-02
2.584596900000000005e+03 8.388480000000000700e+02 3.606223538192235289e-02
2.587252100000000155e+03 8.650620000000000118e+02 3.782239155335486575e-02
2.589905799999999999e+03 8.912759999999999536e+02 3.764633602081664948e-02
2.592558100000000195e+03 9.043830000000000382e+02 3.724491654965256249e-02
2.595208999999999833e+03 8.454015000000000555e+02 3.818204203652911244e-02
2.597858499999999822e+03 8.716154999999999973e+02 3.794114346738735460e-02
2.600506499999999960e+03 8.519549999999999272e+02 3.806102099663935534e-02
2.603153200000000197e+03 8.519549999999999272e+02 3.800094042090904067e-02
2.605798400000000129e+03 8.716154999999999973e+02 3.764633602081664948e-02
2.608442300000000159e+03 8.388480000000000700e+02 3.830422488333522918e-02
2.611084699999999884e+03 8.388480000000000700e+02 3.806102099663935534e-02
2.613725699999999961e+03 8.191875000000000000e+02 3.830422488333522918e-02
2.616365299999999934e+03 8.519549999999999272e+02 3.830422488333522918e-02
2.619003499999999804e+03 8.257409999999999854e+02 3.824298707457667729e-02
2.621640300000000025e+03 8.388480000000000700e+02 3.842758824581599814e-02
2.624275700000000143e+03 8.191875000000000000e+02 3.874128804873500781e-02
2.626909700000000157e+03 8.847224999999999682e+02 3.800094042090904067e-02
2.629542199999999866e+03 8.257409999999999854e+02 3.824298707457667729e-02
2.632173400000000129e+03 8.585085000000000264e+02 3.824298707457667729e-02
2.634803199999999833e+03 8.126340000000000146e+02 3.874128804873500781e-02
2.637431599999999889e+03 8.191875000000000000e+02 3.874128804873500781e-02
2.640058599999999842e+03 8.126340000000000146e+02 3.861488872959494695e-02
2.642684099999999944e+03 8.060805000000000291e+02 3.861488872959494695e-02
2.645308300000000145e+03 7.995270000000000437e+02 3.880495495783047727e-02
2.647931099999999788e+03 8.060805000000000291e+02 3.880495495783047727e-02
2.650552499999999782e+03 7.995270000000000437e+02 3.874128804873500781e-02
2.653172500000000127e+03 8.388480000000000700e+02 3.855215125724295588e-02
2.655791099999999915e+03 7.929734999999999445e+02 3.886893679016272668e-02
2.658408300000000054e+03 8.126340000000000146e+02 3.861488872959494695e-02
2.661024100000000089e+03 7.995270000000000437e+02 3.880495495783047727e-02
2.663638500000000022e+03 7.995270000000000437e+02 3.886893679016272668e-02
2.666251600000000053e+03 8.126340000000000146e+02 3.611356955080111120e-02
2.668863199999999779e+03 8.257409999999999854e+02 3.874128804873500781e-02
2.671473500000000058e+03 8.191875000000000000e+02 3.886893679016272668e-02
2.674082399999999780e+03 7.864200000000000728e+02 3.925958918660062136e-02
2.676689800000000105e+03 7.602059999999999036e+02 3.952666430130463010e-02
2.679295999999999822e+03 7.929734999999999445e+02 3.939244773617265466e-02
2.681900700000000143e+03 8.060805000000000291e+02 3.925958918660062136e-02
2.684503999999999905e+03 7.667595000000000027e+02 3.966226217573246005e-02
2.687105900000000020e+03 7.274384999999999764e+02 3.966226217573246005e-02
2.689706499999999778e+03 7.864200000000000728e+02 3.919366203817559874e-02
2.692305699999999888e+03 7.405454999999999472e+02 3.959428909719994033e-02
2.694903499999999894e+03 7.929734999999999445e+02 3.932585014376729915e-02
2.697499899999999798e+03 7.339919999999999618e+02 4.000745808534545561e-02
2.700094999999999800e+03 7.208849999999999909e+02 4.021895272953285305e-02
2.702688700000000154e+03 7.470990000000000464e+02 3.993769786124472948e-02
2.705280999999999949e+03 7.143315000000000055e+02 3.986830128777176657e-02
2.707871900000000096e+03 7.208849999999999909e+02 4.014808227318474032e-02
2.710461400000000140e+03 7.405454999999999472e+02 4.007758514720169418e-02
2.713049599999999828e+03 7.733129999999999882e+02 3.952666430130463010e-02
2.715636399999999867e+03 7.536525000000000318e+02 3.986830128777176657e-02
2.718221799999999803e+03 7.077780000000000200e+02 4.036182690143846896e-02
2.720805899999999838e+03 7.274384999999999764e+02 3.966226217573246005e-02
2.723388600000000224e+03 7.208849999999999909e+02 4.021895272953285305e-02
2.725969900000000052e+03 7.274384999999999764e+02 3.973058653675783092e-02
2.728549899999999980e+03 7.733129999999999882e+02 3.939244773617265466e-02
2.731128400000000056e+03 7.667595000000000027e+02 3.945938482393394203e-02
2.733705699999999979e+03 7.536525000000000318e+02 3.973058653675783092e-02
2.736281500000000051e+03 7.405454999999999472e+02 3.986830128777176657e-02
2.738856000000000222e+03 7.274384999999999764e+02 4.007758514720169418e-02
2.741429099999999835e+03 7.470990000000000464e+02 4.007758514720169418e-02
2.744000900000000001e+03 7.339919999999999618e+02 4.029019982298691349e-02
2.746571300000000065e+03 7.339919999999999618e+02 3.973058653675783092e-02
2.749140300000000025e+03 7.077780000000000200e+02 4.036182690143846896e-02
2.751708000000000084e+03 7.339919999999999618e+02 3.993769786124472948e-02
2.754274300000000039e+03 7.405454999999999472e+02 4.029019982298691349e-02
2.756839300000000094e+03 7.536525000000000318e+02 4.021895272953285305e-02
2.759402900000000045e+03 7.470990000000000464e+02 3.979926521643074866e-02
2.761965200000000095e+03 7.536525000000000318e+02 4.014808227318474032e-02
2.764525999999999840e+03 7.274384999999999764e+02 4.043383735459044753e-02
2.767085599999999886e+03 7.077780000000000200e+02 4.036182690143846896e-02
2.769643799999999828e+03 7.143315000000000055e+02 4.057902215692048981e-02
2.772200600000000122e+03 7.208849999999999909e+02 4.014808227318474032e-02
2.774756100000000060e+03 7.012244999999999209e+02 4.057902215692048981e-02
2.777310199999999895e+03 7.274384999999999764e+02 4.057902215692048981e-02
2.779862999999999829e+03 7.143315000000000055e+02 4.079976189328438085e-02
2.782414400000000114e+03 7.405454999999999472e+02 4.029019982298691349e-02
2.784964500000000044e+03 6.946710000000000491e+02 4.079976189328438085e-02
2.787513199999999870e+03 7.077780000000000200e+02 4.007758514720169418e-02
2.790060599999999795e+03 7.470990000000000464e+02 4.014808227318474032e-02
2.792606699999999819e+03 7.470990000000000464e+02 4.021895272953285305e-02
2.795151400000000194e+03 6.946710000000000491e+02 4.065220350069238126e-02
2.797694700000000012e+03 7.208849999999999909e+02 4.000745808534545561e-02
2.800236699999999928e+03 7.339919999999999618e+02 4.029019982298691349e-02
2.802777399999999943e+03 7.012244999999999209e+02 4.036182690143846896e-02
2.805316699999999855e+03 7.405454999999999472e+02 4.029019982298691349e-02
2.807854699999999866e+03 7.274384999999999764e+02 3.986830128777176657e-02
2.810391299999999774e+03 7.077780000000000200e+02 4.057902215692048981e-02
2.812926599999999780e+03 6.946710000000000491e+02 4.021895272953285305e-02
2.815460599999999886e+03 7.536525000000000318e+02 4.014808227318474032e-02
2.817993199999999888e+03 7.208849999999999909e+02 4.057902215692048981e-02
2.820524499999999989e+03 7.208849999999999909e+02 4.036182690143846896e-02
2.823054500000000189e+03 6.815639999999999645e+02 4.094893885125184402e-02
2.825583099999999831e+03 7.143315000000000055e+02 4.057902215692048981e-02
2.828110400000000027e+03 7.339919999999999618e+02 4.065220350069238126e-02
2.830636399999999867e+03 6.750104999999999791e+02 4.117580451443193790e-02
2.833161000000000058e+03 7.208849999999999909e+02 4.072578220976776769e-02
2.835684299999999894e+03 7.143315000000000055e+02 4.079976189328438085e-02
2.838206299999999828e+03 7.143315000000000055e+02 4.087414620644017060e-02
2.840726900000000114e+03 6.750104999999999791e+02 4.117580451443193790e-02
2.843246200000000044e+03 6.946710000000000491e+02 4.057902215692048981e-02
2.845764200000000073e+03 6.815639999999999645e+02 4.079976189328438085e-02
2.848280900000000202e+03 6.684569999999999936e+02 4.125226846982677636e-02
2.850796200000000226e+03 7.405454999999999472e+02 4.050623461463098707e-02
2.853310199999999895e+03 7.143315000000000055e+02 4.079976189328438085e-02
2.855822900000000118e+03 7.143315000000000055e+02 4.072578220976776769e-02
2.858334199999999782e+03 7.143315000000000055e+02 4.029019982298691349e-02
2.860844300000000203e+03 7.274384999999999764e+02 4.057902215692048981e-02
2.863353000000000065e+03 6.881175000000000637e+02 4.050623461463098707e-02
2.865860400000000027e+03 6.946710000000000491e+02 4.087414620644017060e-02
2.868366399999999885e+03 7.208849999999999909e+02 4.057902215692048981e-02
2.870871200000000044e+03 7.208849999999999909e+02 4.057902215692048981e-02
2.873374600000000100e+03 7.143315000000000055e+02 4.007758514720169418e-02
2.875876699999999801e+03 7.274384999999999764e+02 4.021895272953285305e-02
2.878377500000000055e+03 7.208849999999999909e+02 4.021895272953285305e-02
2.880876999999999953e+03 7.208849999999999909e+02 4.043383735459044753e-02
2.883375199999999950e+03 7.536525000000000318e+02 4.014808227318474032e-02
2.885872100000000046e+03 7.143315000000000055e+02 4.043383735459044753e-02
2.888367600000000039e+03 7.208849999999999909e+02 4.043383735459044753e-02
2.890861800000000130e+03 7.274384999999999764e+02 4.000745808534545561e-02
2.893354800000000068e+03 7.470990000000000464e+02 4.000745808534545561e-02
2.895846399999999903e+03 7.208849999999999909e+02 4.036182690143846896e-02
2.898336699999999837e+03 7.405454999999999472e+02 4.014808227318474032e-02
2.900825699999999870e+03 7.339919999999999618e+02 4.021895272953285305e-02
2.903313400000000001e+03 7.077780000000000200e+02 4.057902215692048981e-02
2.905799700000000030e+03 7.208849999999999909e+02 4.050623461463098707e-02
2.908284799999999905e+03 7.274384999999999764e+02 4.007758514720169418e-02
2.910768599999999878e+03 7.405454999999999472e+02 4.029019982298691349e-02
2.913251000000000204e+03 7.536525000000000318e+02 4.036182690143846896e-02
2.915732199999999921e+03 7.339919999999999618e+02 4.072578220976776769e-02
2.918212100000000191e+03 7.536525000000000318e+02 4.021895272953285305e-02
2.920690599999999904e+03 7.012244999999999209e+02 4.094893885125184402e-02
2.923167899999999918e+03 6.946710000000000491e+02 4.102414357732872552e-02
2.925643799999999828e+03 7.143315000000000055e+02 4.057902215692048981e-02
2.928118500000000040e+03 6.881175000000000637e+02 4.065220350069238126e-02
2.930591800000000148e+03 7.470990000000000464e+02 3.782239155335486575e-02
2.933063900000000103e+03 7.339919999999999618e+02 4.050623461463098707e-02
2.935534700000000157e+03 7.012244999999999209e+02 4.079976189328438085e-02
2.938004100000000108e+03 7.077780000000000200e+02 4.087414620644017060e-02
2.940472299999999905e+03 6.815639999999999645e+02 4.065220350069238126e-02
2.942939199999999801e+03 7.143315000000000055e+02 4.036182690143846896e-02
2.945404700000000048e+03 6.946710000000000491e+02 4.087414620644017060e-02
2.947869000000000142e+03 6.815639999999999645e+02 4.072578220976776769e-02
2.950331999999999880e+03 7.012244999999999209e+02 4.072578220976776769e-02
2.952793700000000172e+03 7.143315000000000055e+02 4.057902215692048981e-02
2.955254199999999855e+03 7.077780000000000200e+02 4.072578220976776769e-02
2.957713299999999890e+03 7.077780000000000200e+02 4.021895272953285305e-02
2.960171100000000024e+03 7.077780000000000200e+02 4.072578220976776769e-02
2.962627700000000004e+03 7.077780000000000200e+02 4.079976189328438085e-02
2.965082899999999881e+03 6.815639999999999645e+02 4.117580451443193790e-02
2.967536900000000060e+03 7.012244999999999209e+02 4.079976189328438085e-02
2.969989599999999882e+03 6.946710000000000491e+02 4.125226846982677636e-02
2.972440999999999804e+03 6.881175000000000637e+02 4.079976189328438085e-02
2.974891099999999824e+03 6.619035000000000082e+02 4.117580451443193790e-02
2.977340000000000146e+03 6.684569999999999936e+02 4.125226846982677636e-02
2.979787499999999909e+03 6.553500000000000227e+02 4.196017603270679047e-02
2.982233799999999974e+03 6.815639999999999645e+02 4.156244026925565160e-02
2.984678800000000138e+03 6.684569999999999936e+02 4.179971588077281003e-02
2.987122499999999945e+03 6.553500000000000227e+02 4.204110219474057469e-02
2.989565000000000055e+03 6.553500000000000227e+02 4.179971588077281003e-02
2.992006100000000060e+03 6.356895000000000664e+02 4.228671929245766958e-02
2.994445999999999913e+03 6.291359999999999673e+02 4.196017603270679047e-02
2.996884599999999864e+03 6.750104999999999791e+02 4.156244026925565160e-02
2.999322000000000116e+03 6.553500000000000227e+02 4.196017603270679047e-02
3.001757999999999811e+03 6.356895000000000664e+02 3.979926521643074866e-02
3.004192799999999806e+03 6.422429999999999382e+02 4.172017305725551212e-02
3.006626299999999901e+03 6.619035000000000082e+02 4.179971588077281003e-02
3.009058500000000095e+03 6.553500000000000227e+02 4.156244026925565160e-02
3.011489500000000135e+03 6.553500000000000227e+02 4.196017603270679047e-02
3.013919199999999819e+03 6.422429999999999382e+02 4.140648309534921551e-02
3.016347600000000057e+03 6.750104999999999791e+02 4.125226846982677636e-02
3.018774800000000141e+03 6.422429999999999382e+02 4.156244026925565160e-02
3.021200699999999870e+03 6.553500000000000227e+02 4.172017305725551212e-02
3.023625300000000152e+03 6.422429999999999382e+02 4.220436922541948715e-02
3.026048699999999826e+03 6.422429999999999382e+02 4.212249840297802722e-02
3.028470800000000054e+03 6.225824999999999818e+02 4.262100686043435865e-02
3.030891599999999926e+03 6.356895000000000664e+02 4.228671929245766958e-02
3.033311200000000099e+03 5.832614999999999554e+02 4.279115127691203446e-02
3.035729499999999916e+03 6.160289999999999964e+02 4.262100686043435865e-02
3.038146499999999833e+03 6.160289999999999964e+02 4.279115127691203446e-02
3.040562300000000050e+03 6.029220000000000255e+02 4.322559034669127415e-02
3.042976799999999912e+03 5.832614999999999554e+02 4.322559034669127415e-02
3.045389999999999873e+03 5.963685000000000400e+02 4.322559034669127415e-02
3.047802000000000135e+03 6.029220000000000255e+02 4.313764398834754599e-02
3.050212799999999788e+03 5.767080000000000837e+02 4.349269231393283752e-02
3.052622199999999793e+03 6.029220000000000255e+02 4.287699118520275215e-02
3.055030499999999847e+03 5.963685000000000400e+02 4.322559034669127415e-02
3.057437399999999798e+03 6.029220000000000255e+02 4.270582486842748604e-02
3.059843199999999797e+03 6.160289999999999964e+02 4.305023225923948482e-02
3.062247600000000148e+03 5.963685000000000400e+02 4.313764398834754599e-02
3.064650799999999890e+03 5.636009999999999991e+02 4.340310891848280644e-02
3.067052799999999934e+03 5.767080000000000837e+02 4.340310891848280644e-02
3.069453500000000076e+03 5.701544999999999845e+02 4.376480774634871479e-02
3.071852899999999863e+03 6.029220000000000255e+02 4.313764398834754599e-02
3.074251099999999951e+03 5.439405000000000427e+02 4.422990909498710627e-02
3.076648000000000138e+03 5.701544999999999845e+02 4.404209546909487738e-02
3.079043700000000172e+03 5.570475000000000136e+02 4.442014614106422343e-02
3.081438200000000052e+03 5.242799999999999727e+02 4.490669018478148783e-02
3.083831400000000031e+03 4.980659999999999741e+02 4.540958033322987225e-02
3.086223399999999856e+03 5.439405000000000427e+02 4.490669018478148783e-02
3.088614099999999780e+03 5.046195000000000164e+02 4.540958033322987225e-02
3.091003499999999804e+03 5.242799999999999727e+02 4.471016105708659760e-02
3.093391799999999876e+03 5.242799999999999727e+02 4.540958033322987225e-02
3.095778699999999844e+03 4.980659999999999741e+02 4.510583391195485681e-02
3.098164499999999862e+03 5.177265000000001010e+02 4.551220098463243380e-02
3.100548999999999978e+03 5.177265000000001010e+02 4.520640445801725471e-02
3.102932200000000194e+03 5.111730000000000018e+02 4.561552052959470804e-02
3.105314199999999801e+03 5.111730000000000018e+02 4.500593161009385640e-02
3.107695000000000164e+03 4.784055000000000177e+02 4.592975285912135469e-02
3.110074500000000171e+03 4.980659999999999741e+02 4.582428830465289787e-02
3.112452800000000025e+03 4.456379999999999768e+02 4.646822087641515331e-02
3.114829900000000180e+03 4.849590000000000032e+02 4.657820498500434003e-02
3.117205699999999979e+03 4.587450000000000045e+02 4.702608264353498602e-02
3.119580300000000079e+03 4.784055000000000177e+02 4.592975285912135469e-02
3.121953700000000026e+03 4.456379999999999768e+02 4.702608264353498602e-02
3.124325800000000072e+03 4.718519999999999754e+02 4.714008543542005936e-02
3.126696699999999964e+03 4.587450000000000045e+02 4.737060067528919838e-02
3.129066299999999956e+03 4.456379999999999768e+02 4.760453099019565371e-02
3.131434699999999793e+03 4.456379999999999768e+02 4.760453099019565371e-02
3.133801899999999932e+03 4.390844999999999914e+02 4.845143785545469317e-02
3.136167899999999918e+03 4.259774999999999636e+02 4.882849753329315812e-02
3.138532600000000002e+03 4.259774999999999636e+02 4.857615218751694386e-02
3.140896099999999933e+03 3.801029999999999518e+02 4.934521560054553474e-02
3.143258400000000165e+03 4.259774999999999636e+02 4.870183455071955270e-02
3.145619400000000041e+03 4.063170000000000073e+02 4.895615395384239621e-02
3.147979299999999967e+03 4.063170000000000073e+02 4.947697876060643679e-02
3.150337899999999991e+03 3.997635000000000218e+02 4.987869289482389085e-02
3.152695200000000114e+03 3.801029999999999518e+02 5.029035346252943434e-02
3.155051399999999830e+03 3.735495000000000232e+02 4.960980310365376011e-02
3.157406300000000101e+03 3.997635000000000218e+02 5.001478780779170658e-02
3.159760000000000218e+03 3.735495000000000232e+02 5.042985540447315201e-02
3.162112500000000182e+03 3.735495000000000232e+02 5.042985540447315201e-02
3.164463799999999992e+03 3.801029999999999518e+02 5.114520823252122900e-02
3.166813799999999901e+03 3.604424999999999955e+02 5.057052473045308555e-02
3.169162600000000111e+03 3.473355000000000246e+02 5.158931388924774264e-02
3.171510200000000168e+03 3.538890000000000100e+02 5.143999573558338118e-02
3.173856600000000071e+03 3.473355000000000246e+02 5.173993994377396738e-02
3.176201799999999821e+03 3.342284999999999968e+02 5.235591330584518643e-02
3.178545700000000124e+03 3.407819999999999823e+02 5.189189310485069206e-02
