-3.075250000000000128e+01 1.703909999999999911e+02 4.987869289482389085e-02
-2.660050000000000026e+01 1.703909999999999911e+02 4.987869289482389085e-02
-2.245090000000000074e+01 1.703909999999999911e+02 4.987869289482389085e-02
-1.830389999999999873e+01 1.703909999999999911e+02 4.987869289482389085e-02
-1.415949999999999953e+01 1.703909999999999911e+02 4.987869289482389085e-02
-1.001759999999999984e+01 1.703909999999999911e+02 4.987869289482389085e-02
-5.878199999999999648e+00 1.703909999999999911e+02 4.987869289482389085e-02
-1.741400000000000059e+00 1.703909999999999911e+02 4.987869289482389085e-02
2.392900000000000027e+00 1.703909999999999911e+02 4.987869289482389085e-02
6.524700000000000166e+00 1.703909999999999911e+02 4.987869289482389085e-02
1.065390000000000015e+01 1.703909999999999911e+02 4.987869289482389085e-02
1.478059999999999974e+01 1.703909999999999911e+02 4.987869289482389085e-02
1.890480000000000160e+01 1.703909999999999911e+02 4.987869289482389085e-02
2.302649999999999864e+01 1.703909999999999911e+02 4.987869289482389085e-02
2.714560000000000173e+01 1.703909999999999911e+02 4.987869289482389085e-02
3.126219999999999999e+01 1.703909999999999911e+02 4.987869289482389085e-02
3.537639999999999674e+01 1.703909999999999911e+02 4.987869289482389085e-02
3.948790000000000333e+01 1.703909999999999911e+02 4.987869289482389085e-02
4.359700000000000131e+01 1.703909999999999911e+02 4.987869289482389085e-02
4.770360000000000156e+01 1.703909999999999911e+02 4.987869289482389085e-02
5.180769999999999698e+01 1.703909999999999911e+02 4.987869289482389085e-02
5.590919999999999845e+01 1.703909999999999911e+02 4.987869289482389085e-02
6.000829999999999842e+01 1.703909999999999911e+02 4.987869289482389085e-02
6.410479999999999734e+01 1.703909999999999911e+02 4.987869289482389085e-02
6.819889999999999475e+01 1.703909999999999911e+02 4.987869289482389085e-02
7.229040000000000532e+01 1.703909999999999911e+02 4.987869289482389085e-02
7.637949999999999307e+01 1.703909999999999911e+02 4.987869289482389085e-02
8.046609999999999729e+01 1.703909999999999911e+02 4.987869289482389085e-02
8.455010000000000048e+01 1.703909999999999911e+02 4.987869289482389085e-02
8.863169999999999504e+01 1.703909999999999911e+02 4.987869289482389085e-02
9.271080000000000609e+01 1.703909999999999911e+02 4.987869289482389085e-02
9.678740000000000521e+01 1.703909999999999911e+02 4.987869289482389085e-02
1.008615999999999957e+02 1.703909999999999911e+02 4.987869289482389085e-02
1.049331999999999994e+02 1.703909999999999911e+02 4.987869289482389085e-02
1.090023999999999944e+02 1.703909999999999911e+02 4.987869289482389085e-02
1.130691000000000059e+02 1.703909999999999911e+02 4.987869289482389085e-02
1.171333000000000055e+02 1.703909999999999911e+02 4.987869289482389085e-02
1.211949999999999932e+02 1.703909999999999911e+02 4.987869289482389085e-02
1.252543000000000006e+02 1.703909999999999911e+02 4.987869289482389085e-02
1.293111000000000104e+02 1.703909999999999911e+02 4.987869289482389085e-02
1.333653999999999940e+02 1.703909999999999911e+02 4.987869289482389085e-02
1.374173000000000116e+02 1.703909999999999911e+02 4.987869289482389085e-02
1.414667000000000030e+02 1.703909999999999911e+02 4.987869289482389085e-02
1.455137000000000000e+02 1.703909999999999911e+02 4.987869289482389085e-02
1.495581999999999994e+02 1.703909999999999911e+02 4.987869289482389085e-02
1.536002000000000010e+02 1.703909999999999911e+02 4.987869289482389085e-02
1.576398000000000081e+02 1.703909999999999911e+02 4.987869289482389085e-02
1.616768999999999892e+02 1.703909999999999911e+02 4.987869289482389085e-02
1.657116000000000042e+02 1.703909999999999911e+02 4.987869289482389085e-02
1.697437999999999931e+02 1.703909999999999911e+02 4.987869289482389085e-02
1.737735999999999876e+02 1.703909999999999911e+02 4.987869289482389085e-02
1.778009000000000128e+02 1.703909999999999911e+02 4.987869289482389085e-02
1.818257999999999868e+02 3.932099999999999795e+01 5.057052473045308555e-02
1.858481999999999914e+02 1.245164999999999935e+02 5.332256563215621165e-02
1.898683000000000050e+02 1.048560000000000088e+02 5.348893909614004655e-02
1.938857999999999890e+02 7.864199999999999591e+01 5.348893909614004655e-02
1.979010000000000105e+02 9.174899999999999523e+01 4.960980310365376011e-02
2.019137000000000057e+02 1.376234999999999786e+02 5.299442365043973563e-02
2.059240000000000066e+02 1.114094999999999942e+02 5.015200284699847938e-02
2.099318000000000097e+02 1.245164999999999935e+02 5.382641209121451914e-02
2.139371999999999900e+02 1.048560000000000088e+02 5.505991059119644260e-02
2.179402000000000044e+02 8.519549999999999557e+01 5.399756168715909299e-02
2.219407999999999959e+02 1.114094999999999942e+02 5.618753432132081449e-02
2.259388999999999896e+02 1.310699999999999932e+02 5.524313875350752440e-02
2.299346999999999923e+02 1.441770000000000209e+02 5.204519297533252709e-02
2.339279999999999973e+02 2.097120000000000175e+02 4.960980310365376011e-02
2.379189000000000078e+02 1.703909999999999911e+02 5.204519297533252709e-02
2.419073999999999955e+02 1.441770000000000209e+02 5.348893909614004655e-02
2.458934999999999889e+02 1.966050000000000182e+02 5.251337505477943896e-02
2.498771000000000129e+02 2.097120000000000175e+02 4.947697876060643679e-02
2.538583999999999889e+02 2.097120000000000175e+02 5.158931388924774264e-02
2.578373000000000275e+02 2.097120000000000175e+02 5.071237781339148210e-02
2.618136999999999830e+02 2.162655000000000030e+02 5.219985956586272596e-02
2.657878000000000043e+02 2.162655000000000030e+02 5.173993994377396738e-02
2.697594000000000278e+02 2.031585000000000036e+02 5.267226611397279878e-02
2.737287000000000035e+02 2.031585000000000036e+02 5.348893909614004655e-02
2.776954999999999814e+02 1.966050000000000182e+02 5.417035432620166679e-02
2.816600000000000250e+02 2.228189999999999884e+02 5.299442365043973563e-02
2.856220999999999890e+02 2.031585000000000036e+02 5.251337505477943896e-02
2.895817999999999870e+02 2.097120000000000175e+02 5.235591330584518643e-02
2.935391000000000190e+02 2.490329999999999870e+02 5.143999573558338118e-02
2.974940000000000282e+02 2.228189999999999884e+02 5.173993994377396738e-02
3.014465000000000146e+02 2.031585000000000036e+02 5.251337505477943896e-02
3.053967000000000098e+02 2.621399999999999864e+02 4.714008543542005936e-02
3.093444000000000074e+02 2.031585000000000036e+02 5.158931388924774264e-02
3.132898000000000138e+02 2.031585000000000036e+02 5.452097516665196236e-02
3.172327999999999975e+02 2.097120000000000175e+02 5.434481646652192244e-02
3.211734999999999900e+02 2.490329999999999870e+02 5.399756168715909299e-02
3.251116999999999848e+02 1.834979999999999905e+02 5.524313875350752440e-02
3.290475999999999885e+02 2.162655000000000030e+02 5.204519297533252709e-02
3.329812000000000012e+02 2.424795000000000016e+02 5.158931388924774264e-02
3.369123000000000161e+02 2.097120000000000175e+02 5.542820841345545702e-02
3.408410999999999831e+02 1.966050000000000182e+02 5.452097516665196236e-02
3.447676000000000158e+02 2.097120000000000175e+02 5.382641209121451914e-02
3.486917000000000257e+02 2.097120000000000175e+02 5.580399718090645750e-02
3.526134000000000128e+02 1.900514999999999759e+02 5.505991059119644260e-02
3.565326999999999771e+02 1.900514999999999759e+02 5.434481646652192244e-02
3.604497000000000071e+02 2.097120000000000175e+02 5.542820841345545702e-02
3.643643999999999892e+02 2.031585000000000036e+02 5.599478063378132003e-02
3.682767000000000053e+02 2.097120000000000175e+02 5.657908982036868178e-02
3.721866999999999734e+02 2.228189999999999884e+02 5.618753432132081449e-02
3.760942999999999756e+02 2.424795000000000016e+02 5.542820841345545702e-02
3.799995000000000118e+02 2.293725000000000023e+02 5.561515062516764890e-02
3.839024000000000001e+02 2.228189999999999884e+02 5.599478063378132003e-02
3.878029999999999973e+02 2.293725000000000023e+02 5.487849358864093502e-02
3.917013000000000034e+02 2.424795000000000016e+02 5.524313875350752440e-02
3.955971999999999866e+02 2.424795000000000016e+02 5.332256563215621165e-02
3.994907000000000039e+02 2.424795000000000016e+02 5.267226611397279878e-02
4.033820000000000050e+02 2.359259999999999877e+02 5.524313875350752440e-02
4.072708999999999833e+02 2.228189999999999884e+02 5.580399718090645750e-02
4.111573999999999955e+02 2.293725000000000023e+02 5.561515062516764890e-02
4.150416999999999916e+02 2.228189999999999884e+02 5.738740348215528447e-02
4.189236000000000217e+02 2.031585000000000036e+02 5.738740348215528447e-02
4.228032000000000039e+02 2.424795000000000016e+02 5.505991059119644260e-02
4.266804000000000201e+02 2.293725000000000023e+02 5.599478063378132003e-02
4.305554000000000201e+02 2.097120000000000175e+02 5.599478063378132003e-02
4.344279999999999973e+02 2.359259999999999877e+02 5.487849358864093502e-02
4.382982999999999834e+02 2.228189999999999884e+02 5.399756168715909299e-02
4.421662999999999784e+02 2.293725000000000023e+02 5.434481646652192244e-02
4.460319999999999823e+02 2.228189999999999884e+02 5.524313875350752440e-02
4.498953999999999951e+02 2.228189999999999884e+02 5.524313875350752440e-02
4.537563999999999851e+02 2.228189999999999884e+02 5.580399718090645750e-02
4.576152000000000157e+02 2.162655000000000030e+02 5.469885810310497198e-02
4.614716000000000236e+02 2.228189999999999884e+02 5.657908982036868178e-02
4.653258000000000152e+02 2.162655000000000030e+02 5.697894702039017073e-02
4.691775999999999840e+02 2.031585000000000036e+02 5.697894702039017073e-02
4.730271000000000186e+02 2.097120000000000175e+02 5.780477191556847999e-02
4.768743999999999801e+02 2.359259999999999877e+02 5.697894702039017073e-02
4.807192999999999756e+02 2.359259999999999877e+02 5.697894702039017073e-02
4.845620000000000118e+02 2.293725000000000023e+02 5.759495353930649958e-02
4.884023000000000252e+02 2.293725000000000023e+02 5.718208116564967719e-02
4.922404000000000224e+02 2.228189999999999884e+02 5.718208116564967719e-02
4.960761999999999716e+02 2.293725000000000023e+02 5.738740348215528447e-02
4.999096999999999866e+02 2.359259999999999877e+02 5.738740348215528447e-02
5.037409000000000106e+02 2.097120000000000175e+02 5.738740348215528447e-02
5.075697999999999865e+02 2.228189999999999884e+02 5.801690023179938843e-02
5.113964000000000283e+02 2.228189999999999884e+02 5.823138118593296220e-02
5.152208000000000538e+02 2.293725000000000023e+02 5.738740348215528447e-02
5.190429000000000315e+02 2.228189999999999884e+02 5.697894702039017073e-02
5.228627000000000180e+02 2.228189999999999884e+02 5.738740348215528447e-02
5.266802000000000135e+02 2.228189999999999884e+02 5.718208116564967719e-02
5.304954999999999927e+02 2.293725000000000023e+02 5.801690023179938843e-02
5.343084999999999809e+02 2.162655000000000030e+02 5.759495353930649958e-02
5.381191999999999780e+02 2.162655000000000030e+02 5.780477191556847999e-02
5.419275999999999840e+02 2.293725000000000023e+02 5.738740348215528447e-02
5.457337999999999738e+02 2.490329999999999870e+02 5.657908982036868178e-02
5.495376999999999725e+02 2.293725000000000023e+02 5.759495353930649958e-02
5.533393999999999551e+02 2.228189999999999884e+02 5.823138118593296220e-02
5.571387999999999465e+02 2.162655000000000030e+02 5.738740348215528447e-02
5.609358999999999469e+02 2.097120000000000175e+02 5.823138118593296220e-02
5.647308000000000447e+02 2.359259999999999877e+02 5.738740348215528447e-02
5.685234000000000378e+02 2.228189999999999884e+02 5.677796245400869302e-02
5.723138000000000147e+02 2.162655000000000030e+02 5.844825858908214017e-02
5.761019000000000005e+02 2.490329999999999870e+02 5.638229238994357101e-02
5.798877999999999702e+02 2.228189999999999884e+02 5.718208116564967719e-02
5.836713999999999487e+02 2.621399999999999864e+02 5.677796245400869302e-02
5.874528000000000247e+02 2.359259999999999877e+02 5.823138118593296220e-02
5.912318999999999960e+02 2.228189999999999884e+02 5.780477191556847999e-02
5.950087999999999511e+02 2.424795000000000016e+02 5.780477191556847999e-02
5.987835000000000036e+02 2.424795000000000016e+02 5.697894702039017073e-02
6.025558999999999514e+02 2.424795000000000016e+02 5.738740348215528447e-02
6.063260999999999967e+02 2.490329999999999870e+02 5.759495353930649958e-02
6.100940000000000509e+02 2.555865000000000009e+02 5.718208116564967719e-02
6.138596999999999753e+02 2.424795000000000016e+02 5.801690023179938843e-02
6.176231999999999971e+02 2.293725000000000023e+02 5.780477191556847999e-02
6.213845000000000027e+02 2.424795000000000016e+02 5.738740348215528447e-02
6.251435000000000173e+02 2.621399999999999864e+02 5.657908982036868178e-02
6.289003000000000156e+02 2.424795000000000016e+02 5.738740348215528447e-02
6.326548000000000229e+02 2.490329999999999870e+02 5.618753432132081449e-02
6.364071999999999889e+02 2.686935000000000286e+02 5.677796245400869302e-02
6.401572999999999638e+02 2.490329999999999870e+02 5.657908982036868178e-02
6.439052000000000362e+02 2.490329999999999870e+02 5.638229238994357101e-02
6.476508999999999787e+02 2.752469999999999573e+02 5.618753432132081449e-02
6.513944000000000187e+02 2.490329999999999870e+02 5.718208116564967719e-02
6.551355999999999540e+02 2.490329999999999870e+02 5.001478780779170658e-02
6.588746999999999616e+02 2.490329999999999870e+02 5.718208116564967719e-02
6.626114999999999782e+02 2.686935000000000286e+02 5.542820841345545702e-02
6.663461999999999534e+02 2.555865000000000009e+02 5.677796245400869302e-02
6.700786000000000513e+02 2.490329999999999870e+02 5.738740348215528447e-02
6.738088000000000193e+02 2.686935000000000286e+02 5.561515062516764890e-02
6.775367999999999711e+02 2.752469999999999573e+02 5.580399718090645750e-02
6.812626000000000204e+02 2.359259999999999877e+02 5.618753432132081449e-02
6.849862000000000535e+02 2.490329999999999870e+02 5.780477191556847999e-02
6.887075999999999567e+02 2.555865000000000009e+02 5.677796245400869302e-02
6.924269000000000460e+02 2.555865000000000009e+02 5.718208116564967719e-02
6.961439000000000306e+02 2.424795000000000016e+02 5.738740348215528447e-02
6.998586999999999989e+02 2.228189999999999884e+02 5.801690023179938843e-02
7.035712999999999511e+02 2.424795000000000016e+02 5.657908982036868178e-02
7.072817999999999756e+02 2.490329999999999870e+02 5.718208116564967719e-02
7.109900999999999840e+02 2.293725000000000023e+02 5.780477191556847999e-02
7.146961000000000013e+02 2.555865000000000009e+02 5.697894702039017073e-02
7.183999999999999773e+02 2.293725000000000023e+02 5.759495353930649958e-02
7.221017000000000507e+02 2.490329999999999870e+02 5.677796245400869302e-02
7.258011999999999944e+02 2.359259999999999877e+02 5.759495353930649958e-02
7.294986000000000104e+02 2.621399999999999864e+02 5.114520823252122900e-02
7.331938000000000102e+02 2.490329999999999870e+02 5.599478063378132003e-02
7.368867999999999938e+02 2.424795000000000016e+02 5.677796245400869302e-02
7.405775999999999613e+02 2.359259999999999877e+02 5.677796245400869302e-02
7.442662000000000262e+02 2.359259999999999877e+02 5.697894702039017073e-02
7.479527000000000498e+02 2.490329999999999870e+02 5.599478063378132003e-02
7.516369999999999436e+02 2.424795000000000016e+02 5.638229238994357101e-02
7.553191000000000486e+02 2.359259999999999877e+02 5.599478063378132003e-02
7.589990999999999985e+02 2.293725000000000023e+02 5.738740348215528447e-02
7.626769000000000460e+02 2.293725000000000023e+02 5.677796245400869302e-02
7.663526000000000522e+02 2.621399999999999864e+02 5.677796245400869302e-02
7.700261000000000422e+02 2.555865000000000009e+02 5.599478063378132003e-02
7.736974000000000160e+02 2.686935000000000286e+02 5.580399718090645750e-02
7.773665999999999485e+02 2.359259999999999877e+02 5.697894702039017073e-02
7.810335999999999785e+02 2.490329999999999870e+02 5.599478063378132003e-02
7.846984999999999673e+02 2.424795000000000016e+02 5.580399718090645750e-02
7.883612000000000535e+02 2.359259999999999877e+02 5.618753432132081449e-02
7.920217000000000098e+02 2.621399999999999864e+02 5.580399718090645750e-02
7.956801000000000386e+02 2.359259999999999877e+02 5.542820841345545702e-02
7.993364000000000260e+02 -3.518921297481711008e+00 5.599478063378132003e-02
8.029904999999999973e+02 1.557022687648554893e+01 5.599478063378132003e-02
8.066425000000000409e+02 -4.661835075864246392e+00 5.638229238994357101e-02
8.102922999999999547e+02 2.098038967433942048e+01 5.580399718090645750e-02
8.139400000000000546e+02 -5.805602045924558752e+00 5.505991059119644260e-02
8.175855999999999995e+02 6.729186589002495111e+00 5.599478063378132003e-02
8.212290000000000418e+02 -3.316424759596824856e+01 5.697894702039017073e-02
8.248703000000000429e+02 5.584092223898494467e+00 5.469885810310497198e-02
8.285094000000000278e+02 -1.542296730311079500e+00 5.638229238994357101e-02
8.321464999999999463e+02 4.438083730927530723e+00 5.561515062516764890e-02
8.357812999999999874e+02 -2.688768207872215044e+00 5.542820841345545702e-02
8.394140999999999622e+02 9.844645633365018966e+00 5.618753432132081449e-02
8.430447000000000344e+02 2.717323430849830856e+00 5.505991059119644260e-02
8.466731999999999516e+02 2.143263357501950850e+00 5.580399718090645750e-02
8.502996000000000549e+02 -4.984532581418704922e+00 5.524313875350752440e-02
8.539239000000000033e+02 7.547937617204581784e+00 5.580399718090645750e-02
8.575460000000000491e+02 -1.924082404508058630e+01 5.487849358864093502e-02
8.611660000000000537e+02 -1.326231556772077624e+01 5.561515062516764890e-02
8.647839999999999918e+02 -7.305349505824096923e-01 5.487849358864093502e-02
8.683997000000000526e+02 1.835451996162834121e+01 5.469885810310497198e-02
8.720134000000000469e+02 -8.435147945990308926e+00 5.542820841345545702e-02
8.756250000000000000e+02 -9.011034483665980588e+00 5.618753432132081449e-02
8.792344000000000506e+02 -9.587133581859916376e+00 5.580399718090645750e-02
8.828418000000000347e+02 -3.609936715956507669e+00 5.542820841345545702e-02
8.864470000000000027e+02 2.367067669259881768e+00 5.524313875350752440e-02
8.900502000000000180e+02 -1.787010526466863780e+01 5.618753432132081449e-02
8.936512000000000171e+02 -5.339936173953844900e+00 5.638229238994357101e-02
8.972500999999999749e+02 6.365990435344883736e-01 5.561515062516764890e-02
9.008469000000000051e+02 -1.304747017547720134e+01 5.618753432132081449e-02
9.044416999999999689e+02 6.035885605101213969e+00 5.524313875350752440e-02
9.080343000000000302e+02 1.201219582130033814e+01 5.469885810310497198e-02
9.116248000000000502e+02 -1.477900957375271673e+01 5.599478063378132003e-02
9.152133000000000038e+02 -2.249199533221201364e+00 5.599478063378132003e-02
9.187996000000000549e+02 1.028065866006892293e+01 5.580399718090645750e-02
9.223839000000000397e+02 -3.403402281012574804e+00 5.599478063378132003e-02
9.259660000000000082e+02 2.573150352676691455e+00 5.580399718090645750e-02
9.295461000000000240e+02 8.549849267129332020e+00 5.524313875350752440e-02
9.331240999999999985e+02 1.419727165764527399e+00 5.599478063378132003e-02
9.367000000000000455e+02 1.395031674345216288e+01 5.505991059119644260e-02
9.402739000000000260e+02 1.992765068708848730e+01 5.487849358864093502e-02
9.438455999999999904e+02 6.244761676173425258e+00 5.487849358864093502e-02
9.474153000000000020e+02 5.669182383385930279e+00 5.618753432132081449e-02
9.509828999999999724e+02 2.475444547516025295e+01 5.505991059119644260e-02
9.545484000000000151e+02 -2.034416387738758658e+00 5.561515062516764890e-02
9.581118000000000166e+02 3.944629443806718427e+00 5.580399718090645750e-02
9.616731999999999516e+02 1.647761560128810743e+01 5.542820841345545702e-02
9.652324999999999591e+02 2.901107469914563808e+01 5.487849358864093502e-02
9.687897000000000389e+02 2.843803933534172756e+01 5.542820841345545702e-02
9.723449000000000524e+02 3.441904208538142029e+01 5.469885810310497198e-02
9.758979000000000497e+02 2.729361549633171080e+01 5.505991059119644260e-02
9.794489999999999554e+02 2.672229208739429396e+01 5.469885810310497198e-02
9.829978999999999587e+02 3.270510435047719966e+01 5.469885810310497198e-02
9.865448000000000093e+02 1.247458475076598461e+01 5.469885810310497198e-02
9.900896999999999935e+02 3.156576572074123987e+01 5.487849358864093502e-02
9.936323999999999614e+02 3.099717966074643982e+01 5.505991059119644260e-02
9.971731999999999516e+02 3.042935893955956317e+01 5.505991059119644260e-02
1.000711800000000039e+03 4.296933589496148898e+01 5.469885810310497198e-02
1.004248399999999947e+03 5.551014283430373553e+01 5.399756168715909299e-02
1.007783000000000015e+03 5.494481202196857339e+01 5.399756168715909299e-02
1.011315500000000043e+03 4.782687567993519906e+01 5.434481646652192244e-02
1.014846000000000004e+03 4.070986598834514325e+01 5.417035432620166679e-02
1.018374400000000037e+03 4.014731508606672605e+01 5.469885810310497198e-02
1.021900800000000004e+03 5.924625506470516711e+01 5.348893909614004655e-02
1.025425099999999929e+03 5.213221796916485573e+01 5.382641209121451914e-02
1.028947400000000016e+03 5.157273579165769206e+01 5.434481646652192244e-02
1.032467599999999948e+03 4.446084047226332814e+01 5.452097516665196236e-02
1.035985799999999927e+03 5.045706389948867354e+01 5.417035432620166679e-02
1.039501999999999953e+03 6.956143791082644157e+01 5.399756168715909299e-02
1.043016100000000051e+03 4.934599429331228748e+01 5.417035432620166679e-02
1.046528199999999970e+03 3.568526478408125513e+01 5.487849358864093502e-02
1.050038199999999961e+03 4.823978107092233358e+01 5.434481646652192244e-02
1.053546199999999999e+03 5.424207478627909040e+01 5.382641209121451914e-02
1.057052200000000084e+03 6.024567750780164488e+01 5.365687966352255395e-02
1.060556199999999990e+03 5.314362075889852122e+01 5.365687966352255395e-02
1.064058099999999968e+03 6.570343600928606520e+01 5.382641209121451914e-02
1.067557999999999993e+03 5.205065466898361137e+01 5.417035432620166679e-02
1.071055900000000065e+03 7.772030808886040631e+01 5.332256563215621165e-02
1.074551799999999957e+03 5.751692756118154648e+01 5.365687966352255395e-02
1.078045599999999922e+03 5.697554431359890259e+01 5.299442365043973563e-02
1.081537499999999909e+03 6.298918950969385833e+01 5.365687966352255395e-02
1.085027299999999968e+03 7.555789424951888122e+01 5.348893909614004655e-02
1.088515100000000075e+03 7.502118955703019765e+01 5.348893909614004655e-02
1.092000800000000027e+03 7.448610638062632461e+01 5.251337505477943896e-02
1.095484600000000000e+03 8.705967559368468756e+01 5.251337505477943896e-02
1.098966300000000047e+03 8.652792799509666111e+01 5.332256563215621165e-02
1.102446099999999888e+03 7.289089430980112638e+01 5.219985956586272596e-02
1.105923800000000028e+03 8.546960518276239327e+01 5.299442365043973563e-02
1.109399499999999989e+03 9.805009117294719090e+01 5.204519297533252709e-02
1.112873199999999997e+03 7.786488275385232782e+01 5.299442365043973563e-02
1.116345000000000027e+03 1.035560103140318233e+02 5.235591330584518643e-02
1.119814699999999903e+03 9.648150415106778155e+01 5.267226611397279878e-02
1.123282400000000052e+03 1.156228944655397299e+02 5.235591330584518643e-02
1.126748100000000022e+03 1.019987113615455883e+02 5.251337505477943896e-02
1.130211800000000039e+03 9.492998484722079411e+01 5.235591330584518643e-02
1.133673500000000104e+03 1.009702448352555280e+02 5.204519297533252709e-02
1.137133199999999988e+03 1.266730211368565620e+02 5.189189310485069206e-02
1.140590999999999894e+03 8.684284346226053231e+01 5.267226611397279878e-02
1.144046700000000101e+03 9.288924142124500349e+01 5.267226611397279878e-02
1.147500399999999900e+03 1.054912445170843398e+02 5.235591330584518643e-02
1.150952199999999948e+03 1.312023821405031754e+02 5.129196666397189269e-02
1.154402000000000044e+03 1.175946835636279388e+02 5.057052473045308555e-02
1.157849699999999984e+03 1.367566779339363165e+02 5.071237781339148210e-02
1.161295499999999947e+03 1.362603942682042089e+02 5.158931388924774264e-02
1.164739399999999932e+03 1.357663614464509010e+02 5.143999573558338118e-02
1.168181199999999990e+03 1.352746082124353393e+02 5.001478780779170658e-02
1.171621000000000095e+03 1.478921631741501415e+02 5.114520823252122900e-02
1.175058899999999994e+03 1.736190548043134072e+02 5.015200284699847938e-02
1.178494799999999941e+03 1.403668114408583847e+02 5.085543134951424349e-02
1.181928699999999935e+03 1.333309612808665747e+02 5.158931388924774264e-02
1.185360699999999952e+03 1.590650323744996513e+02 5.001478780779170658e-02
1.188790700000000015e+03 1.585875526189278162e+02 4.987869289482389085e-02
1.192218699999999899e+03 1.712195497522563983e+02 5.029035346252943434e-02
1.195644700000000057e+03 1.773005513540029483e+02 5.001478780779170658e-02
1.199068800000000010e+03 1.506165848324657190e+02 5.057052473045308555e-02
1.202490900000000011e+03 1.829166774251954166e+02 4.947697876060643679e-02
1.205911000000000058e+03 1.824518561929125440e+02 4.987869289482389085e-02
1.209329199999999901e+03 2.147571480134207604e+02 4.845143785545469317e-02
1.212745400000000018e+03 1.880835795820721614e+02 4.895615395384239621e-02
1.216159699999999930e+03 2.138406774056755353e+02 4.895615395384239621e-02
1.219571999999999889e+03 1.871724678029564757e+02 4.947697876060643679e-02
1.222982299999999896e+03 2.194884768787997018e+02 4.870183455071955270e-02
1.226390699999999924e+03 2.124862305247033305e+02 4.934521560054553474e-02
1.229797100000000000e+03 2.448077544192310029e+02 4.882849753329315812e-02
1.233201600000000099e+03 2.640250740219062209e+02 4.796201684461862125e-02
1.236604100000000017e+03 2.504777145474452027e+02 4.808298050922980155e-02
1.240004699999999957e+03 2.500402009596458015e+02 4.820486405207096564e-02
1.243403299999999945e+03 2.692660579718281610e+02 4.737060067528919838e-02
1.246799899999999980e+03 3.016018100341655099e+02 4.760453099019565371e-02
1.250194700000000012e+03 3.011729813275645711e+02 4.657820498500434003e-02
1.253587500000000091e+03 3.204075957313304457e+02 4.680053658246008386e-02
1.256978299999999990e+03 3.658591768235956465e+02 4.582428830465289787e-02
1.260367199999999912e+03 3.719927478620847978e+02 4.614288510757279943e-02
1.263754200000000083e+03 3.846828317386637082e+02 4.603594896125626224e-02
1.267139200000000073e+03 3.777154509732052929e+02 4.603594896125626224e-02
1.270522300000000087e+03 4.362861277074532040e+02 4.471016105708659760e-02
1.273903399999999920e+03 4.620923836988822018e+02 4.451618981241678430e-02
1.277282600000000002e+03 4.944552402686804840e+02 4.422990909498710627e-02
1.280659900000000107e+03 5.071607182759445323e+02 4.394908143608346890e-02
1.284035300000000007e+03 5.395298380853154185e+02 4.349269231393283752e-02
1.287408699999999953e+03 5.587951195542733558e+02 4.253669222423180074e-02
1.290780199999999923e+03 6.304915820007689717e+02 4.212249840297802722e-02
1.294149799999999914e+03 6.563167441839573257e+02 4.179971588077281003e-02
1.297517399999999952e+03 6.755916242325024541e+02 4.164108261066503530e-02
1.300883100000000013e+03 7.210837396187512240e+02 4.117580451443193790e-02
1.304246900000000096e+03 7.665791071394595519e+02 4.065220350069238126e-02
1.307608799999999974e+03 8.120777428702987208e+02 3.986830128777176657e-02
1.310968800000000101e+03 8.117051621203619334e+02 3.986830128777176657e-02
1.314326800000000048e+03 8.768708793866644555e+02 3.906279802663452372e-02
1.317682900000000018e+03 8.765049083545164876e+02 3.945938482393394203e-02
1.321037100000000009e+03 8.892492618978919836e+02 3.912806590510905375e-02
1.324389400000000023e+03 9.413179520797964415e+02 3.830422488333522918e-02
1.327739800000000059e+03 9.278549901526263284e+02 3.848971858266136969e-02
1.331088299999999890e+03 9.209488865585318536e+02 3.674718928110869837e-02
1.334434799999999996e+03 8.485111509297704515e+02 3.966226217573246005e-02
1.337779500000000098e+03 8.547187920890611394e+02 3.945938482393394203e-02
1.341122200000000021e+03 8.347158180499316131e+02 3.959428909719994033e-02
1.344463099999999940e+03 7.950557360170665788e+02 4.000745808534545561e-02
1.347801999999999907e+03 7.095245523866483381e+02 4.109976418266231973e-02
1.351139100000000099e+03 6.698712727598035599e+02 4.132915999688484970e-02
1.354474200000000110e+03 6.171144020281346911e+02 4.204110219474057469e-02
1.357807399999999916e+03 6.298959444133721490e+02 4.179971588077281003e-02
1.361138799999999947e+03 5.705924035070258924e+02 4.253669222423180074e-02
1.364468200000000024e+03 5.375062822838162901e+02 4.313764398834754599e-02
1.367795800000000099e+03 4.978700831478716964e+02 4.331407680643583474e-02
1.371121399999999994e+03 5.237723079658139795e+02 4.340310891848280644e-02
1.374445200000000114e+03 4.775894580801808047e+02 4.385665424348193092e-02
1.377767000000000053e+03 4.510705343359522317e+02 4.413570257888117104e-02
1.381086999999999989e+03 4.114480371005183770e+02 4.461285917666479861e-02
1.384405099999999948e+03 4.177034662901990600e+02 4.461285917666479861e-02
1.387721299999999928e+03 3.911948214033124032e+02 4.490669018478148783e-02
1.391035599999999931e+03 3.712431015270267949e+02 4.540958033322987225e-02
1.394348099999999931e+03 3.578483053573156667e+02 4.551220098463243380e-02
1.397658599999999979e+03 3.379034312189095886e+02 4.551220098463243380e-02
1.400967300000000023e+03 3.179619770786912341e+02 4.551220098463243380e-02
1.404274100000000089e+03 2.849169405656394929e+02 4.657820498500434003e-02
1.407578999999999951e+03 3.370708189711110663e+02 4.571954693728050301e-02
1.410882000000000062e+03 3.236931092622248229e+02 4.603594896125626224e-02
1.414183199999999943e+03 3.168723080886891807e+02 4.582428830465289787e-02
1.417482500000000073e+03 3.035014117830729674e+02 4.614288510757279943e-02
1.420779899999999998e+03 2.770269163741803595e+02 4.668897376208468175e-02
1.424075499999999920e+03 2.898768176004205088e+02 4.657820498500434003e-02
1.427369099999999889e+03 2.765161109166228925e+02 4.668897376208468175e-02
1.430660900000000083e+03 2.697122915008469022e+02 4.657820498500434003e-02
1.433950900000000047e+03 2.563583542546363674e+02 4.702608264353498602e-02
1.437239000000000033e+03 2.626682938098223303e+02 4.691290297849490254e-02
1.440525200000000041e+03 2.427676045353243239e+02 4.725492138009014520e-02
1.443809500000000071e+03 2.359772805373938240e+02 4.714008543542005936e-02
1.447092000000000098e+03 2.619578156598534520e+02 4.680053658246008386e-02
1.450372599999999920e+03 2.158532034908886317e+02 4.748713369436884102e-02
1.453651399999999967e+03 2.352869373763874137e+02 4.714008543542005936e-02
1.456928300000000036e+03 2.285100104201704880e+02 4.714008543542005936e-02
1.460203400000000101e+03 2.348434154842186672e+02 4.725492138009014520e-02
1.463476599999999962e+03 2.215196451888950264e+02 4.702608264353498602e-02
1.466747900000000072e+03 2.409666919131665281e+02 4.714008543542005936e-02
1.470017399999999952e+03 2.407565477948197099e+02 4.691290297849490254e-02
1.473285000000000082e+03 2.733172047306746322e+02 4.625056993338622774e-02
1.476550799999999981e+03 2.337926543767948715e+02 4.691290297849490254e-02
1.479814800000000105e+03 1.877178881486941009e+02 4.748713369436884102e-02
1.483076900000000023e+03 2.465023972215403774e+02 4.668897376208468175e-02
1.486337099999999964e+03 2.463086725238019881e+02 4.657820498500434003e-02
1.489595499999999902e+03 2.133507047374447438e+02 4.702608264353498602e-02
1.492852100000000064e+03 2.524844842981257216e+02 4.668897376208468175e-02
1.496106800000000021e+03 2.588540013953840457e+02 4.625056993338622774e-02
1.499359699999999975e+03 2.652267459728278709e+02 4.646822087641515331e-02
1.502610799999999927e+03 2.453887077217654564e+02 4.635901221574090930e-02
1.505859999999999900e+03 2.452143760748312502e+02 4.691290297849490254e-02
1.509107400000000098e+03 2.843642402061643679e+02 4.603594896125626224e-02
1.512352900000000091e+03 2.710892890250290179e+02 4.646822087641515331e-02
1.515596600000000080e+03 2.709245111759858560e+02 4.614288510757279943e-02
1.518838500000000067e+03 2.707628950325063215e+02 4.646822087641515331e-02
1.522078600000000051e+03 2.574974286971371953e+02 4.635901221574090930e-02
1.525316800000000057e+03 2.704491000016624866e+02 4.603594896125626224e-02
1.528553200000000061e+03 3.030643965072620176e+02 4.520640445801725471e-02
1.531787700000000086e+03 2.767013054981127880e+02 4.625056993338622774e-02
1.535020500000000084e+03 2.896623139815418426e+02 4.582428830465289787e-02
1.538251400000000103e+03 2.764124086816209456e+02 4.603594896125626224e-02
1.541480499999999893e+03 3.155935760327602679e+02 4.530765073144059352e-02
1.544707799999999907e+03 3.547778021667434132e+02 4.442014614106422343e-02
1.547933199999999943e+03 3.546440728997607721e+02 4.422990909498710627e-02
1.551156899999999951e+03 3.545133736932248212e+02 4.451618981241678430e-02
1.554378699999999981e+03 4.133671896539039494e+02 4.394908143608346890e-02
1.557598700000000008e+03 4.329030055340533067e+02 4.358283270558153955e-02
1.560816900000000032e+03 4.393348056725603783e+02 4.322559034669127415e-02
1.564033300000000054e+03 4.850905739754101091e+02 4.253669222423180074e-02
1.567247800000000097e+03 5.308492939092529923e+02 4.220436922541948715e-02
1.570460600000000113e+03 5.700574484556482275e+02 4.164108261066503530e-02
1.573671599999999899e+03 6.289290200653063039e+02 4.102414357732872552e-02
1.576880699999999933e+03 6.222684906188799232e+02 4.109976418266231973e-02
1.580087999999999965e+03 7.073598413877537041e+02 4.007758514720169418e-02
1.583293599999999969e+03 7.138120530341507219e+02 3.993769786124472948e-02
1.586497299999999996e+03 6.678391056112368460e+02 4.057902215692048981e-02
1.589699200000000019e+03 6.808504785632217136e+02 4.029019982298691349e-02
1.592899400000000014e+03 6.873111507254578783e+02 4.036182690143846896e-02
1.596097700000000032e+03 6.741141003245347747e+02 4.043383735459044753e-02
1.599294200000000046e+03 6.215988049783742326e+02 4.102414357732872552e-02
1.602488900000000058e+03 6.084072416963181240e+02 4.117580451443193790e-02
1.605681900000000041e+03 6.279858868792164230e+02 4.072578220976776769e-02
1.608873000000000047e+03 6.082462163195127687e+02 4.072578220976776769e-02
1.612062400000000025e+03 5.754022052013245911e+02 4.156244026925565160e-02
1.615249900000000025e+03 5.425608281005237359e+02 4.179971588077281003e-02
1.618435699999999997e+03 4.310800590175798561e+02 4.322559034669127415e-02
1.621619699999999966e+03 4.047973714104011833e+02 4.367353588944971471e-02
1.624801899999999932e+03 3.129822383058166793e+02 4.471016105708659760e-02
1.627982299999999896e+03 2.604906323258576322e+02 4.571954693728050301e-02
1.631160900000000083e+03 2.735365257795735374e+02 4.540958033322987225e-02
1.634337700000000041e+03 2.276033907024155951e+02 4.582428830465289787e-02
1.637512799999999970e+03 2.013331988694055212e+02 4.680053658246008386e-02
1.640686099999999897e+03 1.619584218279624679e+02 4.691290297849490254e-02
1.643857600000000048e+03 1.422465309241716227e+02 4.772280329916516600e-02
1.647027299999999968e+03 1.225369973421602481e+02 4.748713369436884102e-02
1.650195200000000114e+03 1.224902921238091835e+02 4.808298050922980155e-02
1.653361400000000003e+03 9.623188618846239706e+01 4.857615218751694386e-02
1.656525799999999890e+03 1.158502503329735873e+02 4.808298050922980155e-02
1.659688400000000001e+03 8.304285523830407101e+01 4.870183455071955270e-02
1.662849200000000110e+03 1.026656714826722236e+02 4.870183455071955270e-02
1.666008299999999963e+03 8.952316954814642713e+01 4.845143785545469317e-02
1.669165600000000040e+03 6.982931982723670217e+01 4.895615395384239621e-02
1.672321200000000090e+03 8.290509262948324931e+01 4.832767919138019480e-02
1.675474899999999934e+03 6.321545818149019169e+01 4.934521560054553474e-02
1.678626899999999978e+03 3.042088664006331555e+01 4.947697876060643679e-02
1.681777199999999993e+03 6.316334809223963020e+01 4.908481686679500716e-02
1.684925600000000031e+03 5.658681256186753217e+01 4.882849753329315812e-02
1.688072400000000016e+03 6.967275000963240927e+01 4.870183455071955270e-02
1.691217300000000023e+03 4.343963033307926480e+01 4.870183455071955270e-02
1.694360500000000002e+03 6.308292337318749787e+01 4.908481686679500716e-02
1.697501999999999953e+03 3.685359892749704613e+01 4.908481686679500716e-02
1.700641599999999926e+03 1.717962675012518048e+01 4.908481686679500716e-02
1.703779600000000073e+03 4.338197655178225887e+01 4.870183455071955270e-02
1.706915700000000015e+03 4.337211800633821213e+01 4.870183455071955270e-02
1.710050199999999904e+03 3.681052075083476893e+01 4.882849753329315812e-02
1.713182800000000043e+03 3.680415438549533746e+01 4.882849753329315812e-02
1.716313699999999926e+03 3.024598847373272292e+01 4.895615395384239621e-02
1.719442900000000009e+03 3.024299254215588917e+01 4.908481686679500716e-02
1.722570300000000088e+03 2.368813608712781615e+01 4.908481686679500716e-02
1.725695999999999913e+03 2.368838857476845305e+01 4.921449956800932890e-02
1.728819899999999961e+03 1.713671944095653998e+01 4.921449956800932890e-02
1.731942099999999982e+03 1.714009809788274197e+01 4.934521560054553474e-02
1.735062599999999975e+03 1.714499393404724970e+01 4.934521560054553474e-02
1.738181299999999965e+03 1.059787631425678001e+01 4.947697876060643679e-02
1.741298199999999952e+03 5.648021457306589355e+01 4.857615218751694386e-02
1.744413500000000113e+03 4.061478021324489873e+00 5.001478780779170658e-02
1.747526900000000069e+03 1.717913594616982209e+01 4.960980310365376011e-02
1.750638699999999972e+03 3.685165761101734461e+01 4.934521560054553474e-02
1.753748700000000099e+03 2.375801225554988605e+01 4.908481686679500716e-02
1.756856999999999971e+03 1.721916910225911579e+01 4.870183455071955270e-02
1.759963500000000067e+03 3.034209735643253225e+01 4.895615395384239621e-02
1.763068400000000111e+03 3.691276620613854220e+01 4.934521560054553474e-02
1.766171499999999924e+03 3.037764482221012940e+01 4.921449956800932890e-02
1.769272799999999961e+03 -2.370297641771571762e+00 4.921449956800932890e-02
1.772372399999999971e+03 1.731090795050357656e+01 4.895615395384239621e-02
1.775470299999999952e+03 4.225730718055956459e+00 4.921449956800932890e-02
1.778566499999999905e+03 2.390913976259474794e+01 4.921449956800932890e-02
1.781661000000000058e+03 1.082610416849655621e+01 4.960980310365376011e-02
1.784753699999999981e+03 -2.255906997217380194e+00 4.960980310365376011e-02
1.787844700000000103e+03 2.398407532164804934e+01 4.921449956800932890e-02
1.790933999999999969e+03 4.350520170437050638e+00 4.921449956800932890e-02
1.794021600000000035e+03 1.093189658361654892e+01 4.947697876060643679e-02
1.797107500000000073e+03 1.751417358474958519e+01 4.934521560054553474e-02
1.800191600000000108e+03 1.099032018646744291e+01 4.934521560054553474e-02
1.803273999999999887e+03 1.102080539044067109e+01 4.921449956800932890e-02
1.806354700000000093e+03 4.498598193903035281e+00 4.921449956800932890e-02
1.809433700000000044e+03 4.530667589620804847e+00 4.908481686679500716e-02
1.812510999999999967e+03 4.563482565861647799e+00 4.908481686679500716e-02
1.815586600000000089e+03 4.597012106362456052e+00 4.908481686679500716e-02
1.818660499999999956e+03 4.631225190296845540e+00 4.895615395384239621e-02
1.821732600000000048e+03 4.666090792241504914e+00 4.921449956800932890e-02
1.824803100000000086e+03 5.057607788214198763e+01 4.832767919138019480e-02
1.827871799999999894e+03 3.095165542527752223e+01 4.832767919138019480e-02
1.830938900000000103e+03 -8.332707617773792208e+00 4.947697876060643679e-02
1.834004200000000083e+03 4.811457708828356772e+00 4.908481686679500716e-02
1.837067900000000009e+03 -1.481137964384987527e+01 4.908481686679500716e-02
1.840129799999999932e+03 -1.477325072955358110e+01 4.908481686679500716e-02
1.843190100000000029e+03 -8.181186606877076883e+00 4.882849753329315812e-02
1.846248599999999897e+03 -1.588718339301578908e+00 4.960980310365376011e-02
1.849305399999999963e+03 5.004123004765745009e+00 4.870183455071955270e-02
1.852360599999999977e+03 -1.509692055952427836e+00 4.921449956800932890e-02
1.855414099999999962e+03 5.083808545093745579e+00 4.908481686679500716e-02
1.858465799999999945e+03 -7.982901617363495461e+00 4.947697876060643679e-02
1.861515900000000101e+03 5.164652499629937665e+00 4.882849753329315812e-02
1.864564300000000003e+03 -7.901552633000051173e+00 4.921449956800932890e-02
1.867611000000000104e+03 -2.752103915686893743e+01 4.947697876060643679e-02
1.870655999999999949e+03 -1.265827866887548225e+00 4.921449956800932890e-02
1.873699299999999994e+03 5.329061747765024393e+00 4.921449956800932890e-02
1.876740900000000011e+03 -1.428988853752792920e+01 4.934521560054553474e-02
1.879780899999999974e+03 -1.141195724169392633e+00 4.947697876060643679e-02
1.882819099999999935e+03 -1.099375631856901236e+00 4.921449956800932890e-02
1.885855700000000070e+03 -1.416444294023364137e+01 4.934521560054553474e-02
1.888890599999999949e+03 -7.568911230666458323e+00 4.934521560054553474e-02
1.891923800000000028e+03 -9.732930281367657699e-01 4.908481686679500716e-02
1.894955400000000054e+03 1.217590015676967141e+01 4.857615218751694386e-02
1.897985200000000077e+03 1.221815778578701384e+01 4.820486405207096564e-02
1.901013400000000047e+03 3.538890000000000100e+02 4.857615218751694386e-02
1.904039999999999964e+03 3.473355000000000246e+02 4.921449956800932890e-02
1.907064800000000105e+03 3.276750000000000114e+02 4.895615395384239621e-02
1.910087999999999965e+03 3.735495000000000232e+02 4.857615218751694386e-02
1.913109500000000025e+03 3.276750000000000114e+02 4.960980310365376011e-02
1.916129300000000057e+03 3.735495000000000232e+02 4.845143785545469317e-02
1.919147400000000061e+03 3.276750000000000114e+02 4.934521560054553474e-02
1.922163900000000012e+03 3.735495000000000232e+02 4.857615218751694386e-02
1.925178799999999910e+03 3.342284999999999968e+02 4.960980310365376011e-02
1.928191900000000032e+03 3.276750000000000114e+02 4.908481686679500716e-02
1.931203400000000101e+03 3.276750000000000114e+02 4.934521560054553474e-02
1.934213199999999915e+03 3.276750000000000114e+02 4.947697876060643679e-02
1.937221399999999903e+03 3.473355000000000246e+02 4.908481686679500716e-02
1.940227900000000091e+03 3.211214999999999691e+02 4.882849753329315812e-02
1.943232799999999997e+03 3.407819999999999823e+02 4.908481686679500716e-02
1.946236000000000104e+03 3.276750000000000114e+02 4.934521560054553474e-02
1.949237499999999955e+03 3.080144999999999982e+02 4.934521560054553474e-02
1.952237399999999980e+03 3.342284999999999968e+02 4.857615218751694386e-02
1.955235599999999977e+03 3.342284999999999968e+02 4.908481686679500716e-02
1.958232199999999921e+03 3.407819999999999823e+02 4.908481686679500716e-02
1.961227100000000064e+03 3.473355000000000246e+02 4.857615218751694386e-02
1.964220299999999952e+03 3.604424999999999955e+02 4.845143785545469317e-02
1.967211999999999989e+03 3.538890000000000100e+02 4.784196154532611989e-02
1.970201900000000023e+03 3.407819999999999823e+02 4.882849753329315812e-02
1.973190200000000004e+03 3.473355000000000246e+02 4.808298050922980155e-02
1.976176899999999932e+03 3.407819999999999823e+02 4.832767919138019480e-02
1.979161900000000060e+03 3.473355000000000246e+02 4.832767919138019480e-02
1.982145299999999907e+03 3.473355000000000246e+02 4.784196154532611989e-02
1.985127099999999928e+03 3.538890000000000100e+02 4.845143785545469317e-02
1.988107199999999921e+03 3.276750000000000114e+02 4.895615395384239621e-02
1.991085600000000113e+03 3.538890000000000100e+02 4.832767919138019480e-02
1.994062400000000025e+03 2.949074999999999704e+02 4.934521560054553474e-02
1.997037600000000111e+03 3.211214999999999691e+02 4.832767919138019480e-02
2.000011199999999917e+03 3.407819999999999823e+02 4.845143785545469317e-02
2.002983099999999922e+03 3.276750000000000114e+02 4.882849753329315812e-02
2.005953299999999899e+03 3.407819999999999823e+02 4.857615218751694386e-02
2.008922000000000025e+03 3.801029999999999518e+02 4.784196154532611989e-02
2.011888999999999896e+03 3.473355000000000246e+02 4.845143785545469317e-02
2.014854299999999967e+03 3.342284999999999968e+02 4.845143785545469317e-02
2.017818099999999959e+03 3.473355000000000246e+02 4.845143785545469317e-02
2.020780199999999923e+03 3.145679999999999836e+02 4.857615218751694386e-02
2.023740700000000061e+03 3.473355000000000246e+02 4.808298050922980155e-02
2.026699499999999944e+03 3.473355000000000246e+02 4.832767919138019480e-02
2.029656799999999976e+03 3.407819999999999823e+02 4.845143785545469317e-02
2.032612399999999980e+03 3.276750000000000114e+02 4.845143785545469317e-02
2.035566399999999931e+03 3.538890000000000100e+02 4.796201684461862125e-02
2.038518700000000081e+03 3.211214999999999691e+02 4.857615218751694386e-02
2.041469499999999925e+03 3.145679999999999836e+02 4.882849753329315812e-02
2.044418599999999969e+03 3.276750000000000114e+02 4.845143785545469317e-02
2.047366099999999960e+03 3.342284999999999968e+02 4.796201684461862125e-02
2.050311999999999898e+03 3.145679999999999836e+02 4.820486405207096564e-02
2.053256199999999808e+03 3.145679999999999836e+02 4.870183455071955270e-02
2.056198899999999867e+03 3.276750000000000114e+02 4.845143785545469317e-02
2.059139900000000125e+03 3.080144999999999982e+02 4.895615395384239621e-02
2.062079299999999876e+03 3.145679999999999836e+02 4.832767919138019480e-02
2.065017199999999775e+03 3.145679999999999836e+02 4.870183455071955270e-02
2.067953399999999874e+03 3.211214999999999691e+02 4.820486405207096564e-02
2.070887999999999920e+03 3.145679999999999836e+02 4.870183455071955270e-02
2.073820900000000165e+03 3.473355000000000246e+02 4.832767919138019480e-02
2.076752300000000105e+03 3.080144999999999982e+02 4.882849753329315812e-02
2.079682099999999991e+03 3.342284999999999968e+02 4.857615218751694386e-02
2.082610200000000077e+03 3.407819999999999823e+02 4.784196154532611989e-02
2.085536799999999857e+03 3.473355000000000246e+02 4.748713369436884102e-02
2.088461800000000039e+03 3.538890000000000100e+02 4.808298050922980155e-02
2.091385099999999966e+03 3.473355000000000246e+02 4.796201684461862125e-02
2.094306900000000041e+03 3.145679999999999836e+02 4.882849753329315812e-02
2.097226999999999862e+03 3.211214999999999691e+02 4.500593161009385640e-02
2.100145599999999831e+03 3.342284999999999968e+02 4.725492138009014520e-02
2.103062500000000000e+03 3.473355000000000246e+02 4.760453099019565371e-02
2.105977899999999863e+03 3.473355000000000246e+02 4.808298050922980155e-02
2.108891700000000128e+03 3.145679999999999836e+02 4.808298050922980155e-02
2.111803800000000138e+03 3.276750000000000114e+02 4.784196154532611989e-02
2.114714399999999841e+03 3.276750000000000114e+02 4.796201684461862125e-02
2.117623399999999947e+03 3.211214999999999691e+02 4.796201684461862125e-02
2.120530799999999999e+03 3.276750000000000114e+02 4.808298050922980155e-02
2.123436599999999999e+03 3.211214999999999691e+02 4.820486405207096564e-02
2.126340799999999945e+03 3.211214999999999691e+02 4.808298050922980155e-02
2.129243500000000040e+03 3.538890000000000100e+02 4.748713369436884102e-02
2.132144499999999880e+03 3.080144999999999982e+02 4.832767919138019480e-02
2.135043999999999869e+03 3.473355000000000246e+02 4.737060067528919838e-02
2.137941899999999805e+03 3.407819999999999823e+02 4.748713369436884102e-02
2.140838099999999940e+03 3.276750000000000114e+02 4.820486405207096564e-02
2.143732899999999972e+03 3.407819999999999823e+02 4.784196154532611989e-02
2.146626000000000204e+03 3.014610000000000127e+02 4.808298050922980155e-02
2.149517499999999927e+03 3.014610000000000127e+02 4.832767919138019480e-02
2.152407499999999800e+03 3.473355000000000246e+02 4.760453099019565371e-02
2.155295900000000074e+03 3.342284999999999968e+02 4.748713369436884102e-02
2.158182699999999841e+03 3.538890000000000100e+02 4.748713369436884102e-02
2.161068000000000211e+03 3.669959999999999809e+02 4.702608264353498602e-02
2.163951599999999871e+03 3.669959999999999809e+02 4.680053658246008386e-02
2.166833700000000135e+03 3.342284999999999968e+02 4.772280329916516600e-02
2.169714300000000094e+03 3.473355000000000246e+02 4.725492138009014520e-02
2.172593199999999797e+03 3.473355000000000246e+02 4.725492138009014520e-02
2.175470600000000104e+03 3.080144999999999982e+02 4.760453099019565371e-02
2.178346399999999903e+03 3.604424999999999955e+02 4.657820498500434003e-02
2.181220699999999852e+03 3.473355000000000246e+02 4.702608264353498602e-02
2.184093299999999999e+03 3.211214999999999691e+02 4.808298050922980155e-02
2.186964500000000044e+03 3.407819999999999823e+02 4.691290297849490254e-02
2.189833999999999833e+03 3.538890000000000100e+02 4.714008543542005936e-02
2.192702000000000226e+03 3.342284999999999968e+02 4.748713369436884102e-02
2.195568400000000111e+03 3.080144999999999982e+02 4.808298050922980155e-02
2.198433300000000145e+03 3.342284999999999968e+02 4.748713369436884102e-02
2.201296600000000126e+03 3.211214999999999691e+02 4.784196154532611989e-02
2.204158300000000054e+03 3.407819999999999823e+02 4.680053658246008386e-02
2.207018500000000131e+03 3.014610000000000127e+02 4.820486405207096564e-02
2.209877199999999903e+03 3.473355000000000246e+02 4.748713369436884102e-02
2.212734199999999873e+03 3.473355000000000246e+02 4.748713369436884102e-02
2.215589800000000196e+03 3.407819999999999823e+02 4.784196154532611989e-02
2.218443699999999808e+03 3.276750000000000114e+02 4.748713369436884102e-02
2.221296200000000226e+03 3.473355000000000246e+02 4.571954693728050301e-02
2.224146999999999935e+03 3.276750000000000114e+02 4.702608264353498602e-02
2.226996299999999792e+03 3.342284999999999968e+02 4.796201684461862125e-02
2.229844099999999798e+03 3.342284999999999968e+02 4.760453099019565371e-02
2.232690300000000207e+03 3.211214999999999691e+02 4.784196154532611989e-02
2.235534999999999854e+03 3.014610000000000127e+02 4.784196154532611989e-02
2.238378099999999904e+03 3.145679999999999836e+02 4.760453099019565371e-02
2.241219700000000103e+03 3.211214999999999691e+02 4.784196154532611989e-02
2.244059699999999793e+03 3.473355000000000246e+02 4.646822087641515331e-02
2.246898200000000088e+03 3.276750000000000114e+02 4.702608264353498602e-02
2.249735200000000077e+03 3.276750000000000114e+02 4.760453099019565371e-02
2.252570600000000013e+03 3.342284999999999968e+02 4.725492138009014520e-02
2.255404500000000098e+03 3.080144999999999982e+02 4.760453099019565371e-02
2.258236800000000130e+03 3.473355000000000246e+02 4.691290297849490254e-02
2.261067599999999857e+03 3.342284999999999968e+02 4.714008543542005936e-02
2.263896799999999985e+03 3.211214999999999691e+02 4.725492138009014520e-02
2.266724600000000009e+03 3.407819999999999823e+02 4.691290297849490254e-02
2.269550799999999981e+03 3.342284999999999968e+02 4.725492138009014520e-02
2.272375399999999900e+03 3.407819999999999823e+02 4.680053658246008386e-02
2.275198499999999967e+03 3.473355000000000246e+02 4.691290297849490254e-02
2.278020100000000184e+03 3.276750000000000114e+02 4.725492138009014520e-02
2.280840200000000095e+03 3.211214999999999691e+02 4.725492138009014520e-02
2.283658699999999953e+03 3.407819999999999823e+02 4.680053658246008386e-02
2.286475699999999961e+03 3.211214999999999691e+02 4.748713369436884102e-02
2.289291200000000117e+03 3.342284999999999968e+02 4.702608264353498602e-02
2.292105199999999968e+03 3.276750000000000114e+02 4.725492138009014520e-02
2.294917600000000220e+03 3.276750000000000114e+02 4.737060067528919838e-02
2.297728500000000167e+03 3.014610000000000127e+02 4.748713369436884102e-02
2.300537899999999809e+03 3.669959999999999809e+02 4.646822087641515331e-02
2.303345699999999852e+03 3.669959999999999809e+02 4.646822087641515331e-02
2.306152099999999791e+03 3.080144999999999982e+02 4.714008543542005936e-02
2.308956900000000132e+03 3.276750000000000114e+02 4.680053658246008386e-02
2.311760200000000168e+03 3.080144999999999982e+02 4.635901221574090930e-02
2.314561999999999898e+03 3.211214999999999691e+02 4.691290297849490254e-02
2.317362200000000030e+03 3.735495000000000232e+02 4.592975285912135469e-02
2.320161000000000058e+03 3.276750000000000114e+02 4.680053658246008386e-02
2.322958200000000033e+03 3.538890000000000100e+02 4.657820498500434003e-02
2.325753999999999905e+03 3.538890000000000100e+02 4.614288510757279943e-02
2.328548200000000179e+03 3.538890000000000100e+02 4.625056993338622774e-02
2.331340900000000147e+03 3.342284999999999968e+02 4.668897376208468175e-02
2.334132099999999809e+03 3.801029999999999518e+02 4.603594896125626224e-02
2.336921800000000076e+03 3.604424999999999955e+02 4.657820498500434003e-02
2.339709899999999834e+03 3.342284999999999968e+02 4.646822087641515331e-02
2.342496599999999944e+03 3.342284999999999968e+02 4.625056993338622774e-02
2.345281800000000203e+03 3.407819999999999823e+02 4.680053658246008386e-02
2.348065399999999954e+03 3.407819999999999823e+02 4.691290297849490254e-02
2.350847600000000057e+03 3.473355000000000246e+02 4.625056993338622774e-02
2.353628200000000106e+03 3.669959999999999809e+02 4.646822087641515331e-02
2.356407400000000052e+03 3.342284999999999968e+02 4.691290297849490254e-02
2.359184999999999945e+03 3.276750000000000114e+02 4.691290297849490254e-02
2.361961099999999988e+03 3.473355000000000246e+02 4.603594896125626224e-02
2.364735799999999927e+03 3.473355000000000246e+02 4.680053658246008386e-02
2.367508899999999812e+03 3.276750000000000114e+02 4.702608264353498602e-02
2.370280600000000049e+03 3.407819999999999823e+02 4.668897376208468175e-02
2.373050799999999981e+03 3.473355000000000246e+02 4.702608264353498602e-02
2.375819399999999860e+03 3.538890000000000100e+02 4.668897376208468175e-02
2.378586600000000089e+03 3.342284999999999968e+02 4.657820498500434003e-02
2.381352300000000014e+03 3.407819999999999823e+02 4.635901221574090930e-02
2.384116399999999885e+03 3.211214999999999691e+02 4.714008543542005936e-02
2.386879100000000108e+03 3.538890000000000100e+02 4.635901221574090930e-02
2.389640300000000025e+03 3.735495000000000232e+02 4.603594896125626224e-02
2.392400099999999838e+03 3.407819999999999823e+02 4.668897376208468175e-02
2.395158300000000054e+03 3.080144999999999982e+02 4.657820498500434003e-02
2.397914999999999964e+03 3.473355000000000246e+02 4.646822087641515331e-02
2.400670300000000225e+03 3.604424999999999955e+02 4.614288510757279943e-02
2.403424100000000180e+03 3.669959999999999809e+02 4.571954693728050301e-02
2.406176300000000083e+03 3.801029999999999518e+02 4.592975285912135469e-02
2.408927099999999882e+03 3.407819999999999823e+02 4.646822087641515331e-02
2.411676500000000033e+03 3.538890000000000100e+02 4.592975285912135469e-02
2.414424300000000130e+03 3.407819999999999823e+02 4.657820498500434003e-02
2.417170700000000124e+03 3.342284999999999968e+02 4.625056993338622774e-02
2.419915599999999813e+03 3.407819999999999823e+02 4.614288510757279943e-02
2.422659000000000106e+03 3.538890000000000100e+02 4.603594896125626224e-02
2.425400900000000092e+03 3.276750000000000114e+02 4.592975285912135469e-02
2.428141399999999976e+03 3.407819999999999823e+02 4.551220098463243380e-02
2.430880299999999806e+03 3.538890000000000100e+02 4.625056993338622774e-02
2.433617799999999988e+03 3.866564999999999941e+02 4.571954693728050301e-02
2.436353900000000067e+03 3.342284999999999968e+02 4.646822087641515331e-02
2.439088400000000092e+03 3.604424999999999955e+02 4.592975285912135469e-02
2.441821500000000015e+03 3.473355000000000246e+02 4.646822087641515331e-02
2.444553199999999833e+03 3.407819999999999823e+02 4.646822087641515331e-02
2.447283300000000054e+03 3.276750000000000114e+02 4.625056993338622774e-02
2.450012000000000171e+03 3.735495000000000232e+02 4.530765073144059352e-02
2.452739199999999983e+03 3.669959999999999809e+02 4.571954693728050301e-02
2.455465000000000146e+03 3.538890000000000100e+02 4.603594896125626224e-02
2.458189300000000003e+03 3.997635000000000218e+02 4.530765073144059352e-02
2.460912100000000009e+03 3.538890000000000100e+02 4.582428830465289787e-02
2.463633499999999913e+03 3.473355000000000246e+02 4.592975285912135469e-02
2.466353399999999965e+03 3.801029999999999518e+02 4.571954693728050301e-02
2.469071800000000167e+03 3.735495000000000232e+02 4.592975285912135469e-02
2.471788799999999810e+03 3.669959999999999809e+02 4.571954693728050301e-02
2.474504300000000057e+03 3.997635000000000218e+02 4.530765073144059352e-02
2.477218400000000202e+03 3.604424999999999955e+02 4.582428830465289787e-02
2.479931000000000040e+03 3.604424999999999955e+02 4.571954693728050301e-02
2.482642100000000028e+03 3.604424999999999955e+02 4.571954693728050301e-02
2.485351799999999912e+03 3.538890000000000100e+02 4.603594896125626224e-02
2.488060100000000148e+03 3.604424999999999955e+02 4.603594896125626224e-02
2.490766900000000078e+03 3.407819999999999823e+02 4.625056993338622774e-02
2.493472200000000157e+03 3.604424999999999955e+02 4.582428830465289787e-02
2.496176100000000133e+03 3.866564999999999941e+02 4.551220098463243380e-02
2.498878499999999804e+03 3.866564999999999941e+02 4.582428830465289787e-02
2.501579499999999825e+03 3.407819999999999823e+02 4.635901221574090930e-02
2.504279100000000199e+03 3.473355000000000246e+02 4.592975285912135469e-02
2.506977199999999812e+03 3.473355000000000246e+02 4.625056993338622774e-02
2.509673800000000028e+03 3.407819999999999823e+02 4.614288510757279943e-02
2.512369000000000142e+03 3.276750000000000114e+02 4.635901221574090930e-02
2.515062800000000152e+03 3.604424999999999955e+02 4.571954693728050301e-02
2.517755099999999857e+03 3.407819999999999823e+02 4.625056993338622774e-02
2.520445999999999913e+03 3.669959999999999809e+02 4.571954693728050301e-02
2.523135400000000118e+03 3.669959999999999809e+02 4.603594896125626224e-02
2.525823400000000220e+03 3.669959999999999809e+02 4.614288510757279943e-02
2.528510000000000218e+03 3.276750000000000114e+02 4.635901221574090930e-02
2.531195099999999911e+03 3.735495000000000232e+02 4.530765073144059352e-02
2.533878799999999956e+03 3.866564999999999941e+02 4.520640445801725471e-02
2.536561000000000149e+03 3.735495000000000232e+02 4.551220098463243380e-02
2.539241799999999785e+03 3.866564999999999941e+02 4.561552052959470804e-02
2.541921200000000226e+03 3.538890000000000100e+02 4.571954693728050301e-02
2.544599099999999908e+03 3.669959999999999809e+02 4.530765073144059352e-02
2.547275700000000143e+03 4.063170000000000073e+02 4.461285917666479861e-02
2.549950699999999870e+03 3.276750000000000114e+02 4.635901221574090930e-02
2.552624400000000151e+03 3.669959999999999809e+02 4.520640445801725471e-02
2.555296600000000126e+03 3.604424999999999955e+02 4.592975285912135469e-02
2.557967399999999998e+03 3.735495000000000232e+02 4.551220098463243380e-02
2.560636800000000221e+03 3.538890000000000100e+02 4.625056993338622774e-02
2.563304700000000139e+03 3.866564999999999941e+02 4.571954693728050301e-02
2.565971199999999953e+03 3.735495000000000232e+02 4.592975285912135469e-02
2.568636300000000119e+03 3.669959999999999809e+02 4.635901221574090930e-02
2.571300000000000182e+03 4.128704999999999927e+02 4.540958033322987225e-02
2.573962199999999939e+03 3.735495000000000232e+02 4.582428830465289787e-02
2.576623000000000047e+03 3.538890000000000100e+02 4.592975285912135469e-02
2.579282400000000052e+03 3.538890000000000100e+02 4.582428830465289787e-02
2.581940399999999954e+03 3.932100000000000364e+02 4.540958033322987225e-02
2.584596900000000005e+03 3.735495000000000232e+02 4.582428830465289787e-02
2.587252100000000155e+03 3.997635000000000218e+02 4.561552052959470804e-02
2.589905799999999999e+03 4.063170000000000073e+02 4.551220098463243380e-02
2.592558100000000195e+03 3.604424999999999955e+02 4.614288510757279943e-02
2.595208999999999833e+03 3.997635000000000218e+02 4.571954693728050301e-02
2.597858499999999822e+03 4.259774999999999636e+02 4.490669018478148783e-02
2.600506499999999960e+03 4.259774999999999636e+02 4.510583391195485681e-02
2.603153200000000197e+03 4.325310000000000059e+02 4.480810238158945691e-02
2.605798400000000129e+03 3.866564999999999941e+02 4.571954693728050301e-02
2.608442300000000159e+03 4.063170000000000073e+02 4.530765073144059352e-02
2.611084699999999884e+03 3.801029999999999518e+02 4.561552052959470804e-02
2.613725699999999961e+03 4.259774999999999636e+02 4.471016105708659760e-02
2.616365299999999934e+03 3.997635000000000218e+02 4.530765073144059352e-02
2.619003499999999804e+03 4.063170000000000073e+02 4.530765073144059352e-02
2.621640300000000025e+03 3.866564999999999941e+02 4.540958033322987225e-02
2.624275700000000143e+03 3.932100000000000364e+02 4.530765073144059352e-02
2.626909700000000157e+03 4.128704999999999927e+02 4.530765073144059352e-02
2.629542199999999866e+03 4.259774999999999636e+02 4.510583391195485681e-02
2.632173400000000129e+03 4.128704999999999927e+02 4.540958033322987225e-02
2.634803199999999833e+03 3.997635000000000218e+02 4.540958033322987225e-02
2.637431599999999889e+03 4.259774999999999636e+02 4.442014614106422343e-02
2.640058599999999842e+03 3.932100000000000364e+02 4.592975285912135469e-02
2.642684099999999944e+03 4.128704999999999927e+02 4.571954693728050301e-02
2.645308300000000145e+03 4.194240000000000350e+02 4.561552052959470804e-02
2.647931099999999788e+03 4.325310000000000059e+02 4.500593161009385640e-02
2.650552499999999782e+03 3.932100000000000364e+02 4.592975285912135469e-02
2.653172500000000127e+03 3.932100000000000364e+02 4.614288510757279943e-02
2.655791099999999915e+03 4.194240000000000350e+02 4.561552052959470804e-02
2.658408300000000054e+03 4.259774999999999636e+02 4.561552052959470804e-02
2.661024100000000089e+03 3.866564999999999941e+02 4.635901221574090930e-02
2.663638500000000022e+03 3.997635000000000218e+02 4.614288510757279943e-02
2.666251600000000053e+03 3.801029999999999518e+02 4.635901221574090930e-02
2.668863199999999779e+03 3.801029999999999518e+02 4.635901221574090930e-02
2.671473500000000058e+03 3.997635000000000218e+02 4.625056993338622774e-02
2.674082399999999780e+03 4.128704999999999927e+02 4.625056993338622774e-02
2.676689800000000105e+03 3.801029999999999518e+02 4.657820498500434003e-02
2.679295999999999822e+03 4.128704999999999927e+02 4.625056993338622774e-02
2.681900700000000143e+03 3.735495000000000232e+02 4.668897376208468175e-02
2.684503999999999905e+03 3.801029999999999518e+02 4.646822087641515331e-02
2.687105900000000020e+03 3.604424999999999955e+02 4.680053658246008386e-02
2.689706499999999778e+03 3.538890000000000100e+02 4.702608264353498602e-02
2.692305699999999888e+03 3.735495000000000232e+02 4.635901221574090930e-02
2.694903499999999894e+03 3.669959999999999809e+02 4.571954693728050301e-02
2.697499899999999798e+03 3.669959999999999809e+02 4.635901221574090930e-02
2.700094999999999800e+03 3.342284999999999968e+02 4.737060067528919838e-02
2.702688700000000154e+03 3.407819999999999823e+02 4.668897376208468175e-02
2.705280999999999949e+03 3.211214999999999691e+02 4.772280329916516600e-02
2.707871900000000096e+03 3.473355000000000246e+02 4.691290297849490254e-02
2.710461400000000140e+03 3.538890000000000100e+02 4.691290297849490254e-02
2.713049599999999828e+03 3.276750000000000114e+02 4.772280329916516600e-02
2.715636399999999867e+03 3.276750000000000114e+02 4.725492138009014520e-02
2.718221799999999803e+03 3.276750000000000114e+02 4.725492138009014520e-02
2.720805899999999838e+03 3.080144999999999982e+02 4.820486405207096564e-02
2.723388600000000224e+03 3.211214999999999691e+02 4.737060067528919838e-02
2.725969900000000052e+03 3.145679999999999836e+02 4.796201684461862125e-02
2.728549899999999980e+03 2.949074999999999704e+02 4.772280329916516600e-02
2.731128400000000056e+03 3.276750000000000114e+02 4.748713369436884102e-02
2.733705699999999979e+03 2.621399999999999864e+02 4.895615395384239621e-02
2.736281500000000051e+03 3.080144999999999982e+02 4.820486405207096564e-02
2.738856000000000222e+03 3.342284999999999968e+02 4.772280329916516600e-02
2.741429099999999835e+03 2.818004999999999995e+02 4.882849753329315812e-02
2.744000900000000001e+03 2.883540000000000418e+02 4.870183455071955270e-02
2.746571300000000065e+03 2.949074999999999704e+02 4.808298050922980155e-02
2.749140300000000025e+03 2.883540000000000418e+02 4.845143785545469317e-02
2.751708000000000084e+03 3.145679999999999836e+02 4.820486405207096564e-02
2.754274300000000039e+03 2.883540000000000418e+02 4.857615218751694386e-02
2.756839300000000094e+03 3.407819999999999823e+02 4.760453099019565371e-02
2.759402900000000045e+03 3.080144999999999982e+02 4.820486405207096564e-02
2.761965200000000095e+03 3.080144999999999982e+02 4.714008543542005936e-02
2.764525999999999840e+03 3.145679999999999836e+02 4.772280329916516600e-02
2.767085599999999886e+03 2.752469999999999573e+02 4.870183455071955270e-02
2.769643799999999828e+03 2.949074999999999704e+02 4.832767919138019480e-02
2.772200600000000122e+03 3.080144999999999982e+02 4.808298050922980155e-02
2.774756100000000060e+03 3.014610000000000127e+02 4.808298050922980155e-02
2.777310199999999895e+03 3.407819999999999823e+02 4.714008543542005936e-02
2.779862999999999829e+03 2.883540000000000418e+02 4.760453099019565371e-02
2.782414400000000114e+03 3.080144999999999982e+02 4.772280329916516600e-02
2.784964500000000044e+03 3.080144999999999982e+02 4.808298050922980155e-02
2.787513199999999870e+03 2.752469999999999573e+02 4.832767919138019480e-02
2.790060599999999795e+03 3.080144999999999982e+02 4.796201684461862125e-02
2.792606699999999819e+03 3.014610000000000127e+02 4.832767919138019480e-02
2.795151400000000194e+03 3.014610000000000127e+02 4.832767919138019480e-02
2.797694700000000012e+03 2.949074999999999704e+02 4.796201684461862125e-02
2.800236699999999928e+03 2.686935000000000286e+02 4.921449956800932890e-02
2.802777399999999943e+03 2.883540000000000418e+02 4.845143785545469317e-02
2.805316699999999855e+03 2.752469999999999573e+02 4.895615395384239621e-02
2.807854699999999866e+03 2.883540000000000418e+02 4.895615395384239621e-02
2.810391299999999774e+03 2.752469999999999573e+02 4.832767919138019480e-02
2.812926599999999780e+03 2.686935000000000286e+02 4.857615218751694386e-02
2.815460599999999886e+03 2.555865000000000009e+02 4.921449956800932890e-02
2.817993199999999888e+03 2.883540000000000418e+02 4.657820498500434003e-02
2.820524499999999989e+03 2.424795000000000016e+02 4.987869289482389085e-02
2.823054500000000189e+03 3.145679999999999836e+02 4.845143785545469317e-02
2.825583099999999831e+03 2.818004999999999995e+02 4.857615218751694386e-02
2.828110400000000027e+03 2.686935000000000286e+02 4.895615395384239621e-02
2.830636399999999867e+03 2.752469999999999573e+02 4.882849753329315812e-02
2.833161000000000058e+03 2.949074999999999704e+02 4.857615218751694386e-02
2.835684299999999894e+03 3.145679999999999836e+02 4.832767919138019480e-02
2.838206299999999828e+03 2.883540000000000418e+02 4.882849753329315812e-02
2.840726900000000114e+03 2.883540000000000418e+02 4.796201684461862125e-02
2.843246200000000044e+03 3.014610000000000127e+02 4.845143785545469317e-02
2.845764200000000073e+03 2.752469999999999573e+02 4.882849753329315812e-02
2.848280900000000202e+03 3.342284999999999968e+02 4.760453099019565371e-02
2.850796200000000226e+03 3.080144999999999982e+02 4.796201684461862125e-02
2.853310199999999895e+03 3.145679999999999836e+02 4.808298050922980155e-02
2.855822900000000118e+03 2.883540000000000418e+02 4.820486405207096564e-02
2.858334199999999782e+03 3.211214999999999691e+02 4.808298050922980155e-02
2.860844300000000203e+03 3.145679999999999836e+02 4.808298050922980155e-02
2.863353000000000065e+03 3.014610000000000127e+02 4.820486405207096564e-02
2.865860400000000027e+03 3.080144999999999982e+02 4.784196154532611989e-02
2.868366399999999885e+03 2.949074999999999704e+02 4.808298050922980155e-02
2.870871200000000044e+03 2.949074999999999704e+02 4.796201684461862125e-02
2.873374600000000100e+03 2.949074999999999704e+02 4.845143785545469317e-02
2.875876699999999801e+03 3.080144999999999982e+02 4.808298050922980155e-02
2.878377500000000055e+03 3.276750000000000114e+02 4.737060067528919838e-02
2.880876999999999953e+03 3.080144999999999982e+02 4.784196154532611989e-02
2.883375199999999950e+03 3.014610000000000127e+02 4.845143785545469317e-02
2.885872100000000046e+03 3.342284999999999968e+02 4.748713369436884102e-02
2.888367600000000039e+03 3.080144999999999982e+02 4.832767919138019480e-02
2.890861800000000130e+03 2.818004999999999995e+02 4.845143785545469317e-02
2.893354800000000068e+03 2.949074999999999704e+02 4.870183455071955270e-02
2.895846399999999903e+03 2.818004999999999995e+02 4.870183455071955270e-02
2.898336699999999837e+03 3.014610000000000127e+02 4.857615218751694386e-02
2.900825699999999870e+03 2.949074999999999704e+02 4.870183455071955270e-02
2.903313400000000001e+03 2.949074999999999704e+02 4.857615218751694386e-02
2.905799700000000030e+03 2.883540000000000418e+02 4.832767919138019480e-02
2.908284799999999905e+03 3.145679999999999836e+02 4.772280329916516600e-02
2.910768599999999878e+03 3.145679999999999836e+02 4.808298050922980155e-02
2.913251000000000204e+03 3.080144999999999982e+02 4.796201684461862125e-02
2.915732199999999921e+03 3.080144999999999982e+02 4.820486405207096564e-02
2.918212100000000191e+03 2.883540000000000418e+02 4.808298050922980155e-02
2.920690599999999904e+03 3.145679999999999836e+02 4.784196154532611989e-02
2.923167899999999918e+03 3.080144999999999982e+02 4.772280329916516600e-02
2.925643799999999828e+03 2.883540000000000418e+02 4.808298050922980155e-02
2.928118500000000040e+03 2.949074999999999704e+02 4.784196154532611989e-02
2.930591800000000148e+03 3.014610000000000127e+02 4.760453099019565371e-02
2.933063900000000103e+03 2.752469999999999573e+02 4.808298050922980155e-02
2.935534700000000157e+03 3.080144999999999982e+02 4.772280329916516600e-02
2.938004100000000108e+03 2.752469999999999573e+02 4.845143785545469317e-02
2.940472299999999905e+03 2.686935000000000286e+02 4.845143785545469317e-02
2.942939199999999801e+03 3.014610000000000127e+02 4.796201684461862125e-02
2.945404700000000048e+03 3.080144999999999982e+02 4.820486405207096564e-02
2.947869000000000142e+03 2.621399999999999864e+02 4.908481686679500716e-02
2.950331999999999880e+03 2.818004999999999995e+02 4.882849753329315812e-02
2.952793700000000172e+03 2.752469999999999573e+02 4.895615395384239621e-02
2.955254199999999855e+03 2.621399999999999864e+02 4.921449956800932890e-02
2.957713299999999890e+03 3.080144999999999982e+02 4.832767919138019480e-02
2.960171100000000024e+03 2.752469999999999573e+02 4.934521560054553474e-02
2.962627700000000004e+03 2.424795000000000016e+02 5.015200284699847938e-02
2.965082899999999881e+03 2.686935000000000286e+02 4.960980310365376011e-02
2.967536900000000060e+03 2.686935000000000286e+02 4.947697876060643679e-02
2.969989599999999882e+03 2.490329999999999870e+02 4.987869289482389085e-02
2.972440999999999804e+03 2.752469999999999573e+02 4.882849753329315812e-02
2.974891099999999824e+03 2.490329999999999870e+02 4.934521560054553474e-02
2.977340000000000146e+03 2.359259999999999877e+02 5.015200284699847938e-02
2.979787499999999909e+03 2.293725000000000023e+02 5.001478780779170658e-02
2.982233799999999974e+03 2.621399999999999864e+02 4.947697876060643679e-02
2.984678800000000138e+03 2.555865000000000009e+02 4.921449956800932890e-02
2.987122499999999945e+03 2.490329999999999870e+02 4.987869289482389085e-02
2.989565000000000055e+03 2.359259999999999877e+02 5.015200284699847938e-02
2.992006100000000060e+03 2.293725000000000023e+02 5.029035346252943434e-02
2.994445999999999913e+03 2.424795000000000016e+02 4.960980310365376011e-02
2.996884599999999864e+03 2.424795000000000016e+02 5.001478780779170658e-02
2.999322000000000116e+03 2.359259999999999877e+02 5.042985540447315201e-02
3.001757999999999811e+03 2.621399999999999864e+02 4.974370295070591058e-02
3.004192799999999806e+03 2.228189999999999884e+02 4.947697876060643679e-02
3.006626299999999901e+03 2.621399999999999864e+02 4.934521560054553474e-02
3.009058500000000095e+03 2.490329999999999870e+02 5.015200284699847938e-02
3.011489500000000135e+03 2.621399999999999864e+02 4.987869289482389085e-02
3.013919199999999819e+03 2.424795000000000016e+02 5.029035346252943434e-02
3.016347600000000057e+03 2.228189999999999884e+02 5.114520823252122900e-02
3.018774800000000141e+03 2.162655000000000030e+02 5.143999573558338118e-02
3.021200699999999870e+03 2.228189999999999884e+02 5.114520823252122900e-02
3.023625300000000152e+03 2.424795000000000016e+02 5.042985540447315201e-02
3.026048699999999826e+03 2.293725000000000023e+02 5.099970236660547607e-02
3.028470800000000054e+03 2.097120000000000175e+02 5.158931388924774264e-02
3.030891599999999926e+03 2.686935000000000286e+02 5.029035346252943434e-02
3.033311200000000099e+03 2.228189999999999884e+02 5.129196666397189269e-02
3.035729499999999916e+03 2.490329999999999870e+02 5.085543134951424349e-02
3.038146499999999833e+03 2.162655000000000030e+02 5.129196666397189269e-02
3.040562300000000050e+03 2.293725000000000023e+02 5.071237781339148210e-02
3.042976799999999912e+03 2.162655000000000030e+02 5.085543134951424349e-02
3.045389999999999873e+03 2.162655000000000030e+02 5.143999573558338118e-02
3.047802000000000135e+03 2.424795000000000016e+02 5.042985540447315201e-02
3.050212799999999788e+03 2.359259999999999877e+02 5.085543134951424349e-02
3.052622199999999793e+03 2.359259999999999877e+02 5.057052473045308555e-02
3.055030499999999847e+03 2.228189999999999884e+02 5.085543134951424349e-02
3.057437399999999798e+03 2.228189999999999884e+02 5.158931388924774264e-02
3.059843199999999797e+03 2.293725000000000023e+02 5.057052473045308555e-02
3.062247600000000148e+03 2.228189999999999884e+02 5.204519297533252709e-02
3.064650799999999890e+03 1.703909999999999911e+02 5.299442365043973563e-02
3.067052799999999934e+03 1.966050000000000182e+02 5.267226611397279878e-02
3.069453500000000076e+03 2.031585000000000036e+02 5.283260823864486394e-02
3.071852899999999863e+03 2.031585000000000036e+02 5.219985956586272596e-02
3.074251099999999951e+03 2.031585000000000036e+02 5.299442365043973563e-02
3.076648000000000138e+03 2.293725000000000023e+02 5.219985956586272596e-02
3.079043700000000172e+03 1.966050000000000182e+02 5.204519297533252709e-02
3.081438200000000052e+03 2.097120000000000175e+02 5.251337505477943896e-02
3.083831400000000031e+03 1.834979999999999905e+02 5.348893909614004655e-02
3.086223399999999856e+03 1.900514999999999759e+02 5.299442365043973563e-02
3.088614099999999780e+03 2.031585000000000036e+02 5.251337505477943896e-02
3.091003499999999804e+03 2.031585000000000036e+02 5.283260823864486394e-02
3.093391799999999876e+03 2.031585000000000036e+02 5.299442365043973563e-02
3.095778699999999844e+03 1.638375000000000057e+02 5.365687966352255395e-02
3.098164499999999862e+03 1.966050000000000182e+02 5.382641209121451914e-02
3.100548999999999978e+03 1.834979999999999905e+02 5.382641209121451914e-02
3.102932200000000194e+03 1.966050000000000182e+02 5.382641209121451914e-02
3.105314199999999801e+03 1.703909999999999911e+02 5.505991059119644260e-02
3.107695000000000164e+03 1.572839999999999918e+02 5.561515062516764890e-02
3.110074500000000171e+03 2.031585000000000036e+02 5.417035432620166679e-02
3.112452800000000025e+03 1.900514999999999759e+02 5.505991059119644260e-02
3.114829900000000180e+03 2.097120000000000175e+02 5.417035432620166679e-02
3.117205699999999979e+03 1.769445000000000050e+02 5.452097516665196236e-02
3.119580300000000079e+03 1.834979999999999905e+02 5.469885810310497198e-02
3.121953700000000026e+03 1.900514999999999759e+02 5.469885810310497198e-02
3.124325800000000072e+03 1.769445000000000050e+02 5.469885810310497198e-02
3.126696699999999964e+03 1.572839999999999918e+02 5.618753432132081449e-02
3.129066299999999956e+03 1.703909999999999911e+02 5.599478063378132003e-02
3.131434699999999793e+03 1.703909999999999911e+02 5.657908982036868178e-02
3.133801899999999932e+03 1.572839999999999918e+02 5.677796245400869302e-02
3.136167899999999918e+03 1.769445000000000050e+02 5.638229238994357101e-02
3.138532600000000002e+03 1.769445000000000050e+02 5.580399718090645750e-02
3.140896099999999933e+03 1.769445000000000050e+02 5.638229238994357101e-02
3.143258400000000165e+03 1.638375000000000057e+02 5.677796245400869302e-02
3.145619400000000041e+03 1.572839999999999918e+02 5.580399718090645750e-02
3.147979299999999967e+03 1.769445000000000050e+02 5.657908982036868178e-02
3.150337899999999991e+03 1.376234999999999786e+02 5.759495353930649958e-02
3.152695200000000114e+03 1.507305000000000064e+02 5.823138118593296220e-02
3.155051399999999830e+03 1.507305000000000064e+02 5.780477191556847999e-02
3.157406300000000101e+03 1.769445000000000050e+02 5.738740348215528447e-02
3.159760000000000218e+03 1.507305000000000064e+02 5.801690023179938843e-02
3.162112500000000182e+03 1.638375000000000057e+02 5.823138118593296220e-02
3.164463799999999992e+03 1.376234999999999786e+02 5.957020852253055998e-02
3.166813799999999901e+03 1.310699999999999932e+02 5.801690023179938843e-02
3.169162600000000111e+03 1.245164999999999935e+02 5.957020852253055998e-02
3.171510200000000168e+03 1.179629999999999939e+02 6.003743300162284191e-02
3.173856600000000071e+03 1.114094999999999942e+02 5.980245193165763945e-02
3.176201799999999821e+03 1.245164999999999935e+02 6.027520594402300397e-02
3.178545700000000124e+03 1.441770000000000209e+02 5.934065002501642816e-02
