-3.075250000000000128e+01 1.572839999999999918e+02 4.870183455071955270e-02
-2.660050000000000026e+01 1.572839999999999918e+02 4.870183455071955270e-02
-2.245090000000000074e+01 1.572839999999999918e+02 4.870183455071955270e-02
-1.830389999999999873e+01 1.572839999999999918e+02 4.870183455071955270e-02
-1.415949999999999953e+01 1.572839999999999918e+02 4.870183455071955270e-02
-1.001759999999999984e+01 1.572839999999999918e+02 4.870183455071955270e-02
-5.878199999999999648e+00 1.572839999999999918e+02 4.870183455071955270e-02
-1.741400000000000059e+00 1.572839999999999918e+02 4.870183455071955270e-02
2.392900000000000027e+00 1.572839999999999918e+02 4.870183455071955270e-02
6.524700000000000166e+00 1.572839999999999918e+02 4.870183455071955270e-02
1.065390000000000015e+01 1.572839999999999918e+02 4.870183455071955270e-02
1.478059999999999974e+01 1.572839999999999918e+02 4.870183455071955270e-02
1.890480000000000160e+01 1.572839999999999918e+02 4.870183455071955270e-02
2.302649999999999864e+01 1.572839999999999918e+02 4.870183455071955270e-02
2.714560000000000173e+01 1.572839999999999918e+02 4.870183455071955270e-02
3.126219999999999999e+01 1.572839999999999918e+02 4.870183455071955270e-02
3.537639999999999674e+01 1.572839999999999918e+02 4.870183455071955270e-02
3.948790000000000333e+01 1.572839999999999918e+02 4.870183455071955270e-02
4.359700000000000131e+01 1.572839999999999918e+02 4.870183455071955270e-02
4.770360000000000156e+01 1.572839999999999918e+02 4.870183455071955270e-02
5.180769999999999698e+01 1.572839999999999918e+02 4.870183455071955270e-02
5.590919999999999845e+01 1.572839999999999918e+02 4.870183455071955270e-02
6.000829999999999842e+01 1.572839999999999918e+02 4.870183455071955270e-02
6.410479999999999734e+01 1.572839999999999918e+02 4.870183455071955270e-02
6.819889999999999475e+01 1.572839999999999918e+02 4.870183455071955270e-02
7.229040000000000532e+01 1.572839999999999918e+02 4.870183455071955270e-02
7.637949999999999307e+01 1.572839999999999918e+02 4.870183455071955270e-02
8.046609999999999729e+01 1.572839999999999918e+02 4.870183455071955270e-02
8.455010000000000048e+01 1.572839999999999918e+02 4.870183455071955270e-02
8.863169999999999504e+01 1.572839999999999918e+02 4.870183455071955270e-02
9.271080000000000609e+01 1.572839999999999918e+02 4.870183455071955270e-02
9.678740000000000521e+01 1.572839999999999918e+02 4.870183455071955270e-02
1.008615999999999957e+02 1.572839999999999918e+02 4.870183455071955270e-02
1.049331999999999994e+02 1.572839999999999918e+02 4.870183455071955270e-02
1.090023999999999944e+02 1.572839999999999918e+02 4.870183455071955270e-02
1.130691000000000059e+02 1.572839999999999918e+02 4.870183455071955270e-02
1.171333000000000055e+02 1.572839999999999918e+02 4.870183455071955270e-02
1.211949999999999932e+02 1.572839999999999918e+02 4.870183455071955270e-02
1.252543000000000006e+02 1.572839999999999918e+02 4.870183455071955270e-02
1.293111000000000104e+02 1.572839999999999918e+02 4.870183455071955270e-02
1.333653999999999940e+02 1.572839999999999918e+02 4.870183455071955270e-02
1.374173000000000116e+02 1.572839999999999918e+02 4.870183455071955270e-02
1.414667000000000030e+02 1.572839999999999918e+02 4.870183455071955270e-02
1.455137000000000000e+02 1.572839999999999918e+02 4.870183455071955270e-02
1.495581999999999994e+02 1.572839999999999918e+02 4.870183455071955270e-02
1.536002000000000010e+02 1.572839999999999918e+02 4.870183455071955270e-02
1.576398000000000081e+02 1.572839999999999918e+02 4.870183455071955270e-02
1.616768999999999892e+02 1.572839999999999918e+02 4.870183455071955270e-02
1.657116000000000042e+02 1.572839999999999918e+02 4.870183455071955270e-02
1.697437999999999931e+02 1.572839999999999918e+02 4.870183455071955270e-02
1.737735999999999876e+02 1.572839999999999918e+02 4.870183455071955270e-02
1.778009000000000128e+02 1.572839999999999918e+02 4.870183455071955270e-02
1.818257999999999868e+02 1.900514999999999759e+02 4.921449956800932890e-02
1.858481999999999914e+02 2.162655000000000030e+02 5.015200284699847938e-02
1.898683000000000050e+02 3.080144999999999982e+02 4.737060067528919838e-02
1.938857999999999890e+02 2.621399999999999864e+02 4.947697876060643679e-02
1.979010000000000105e+02 3.145679999999999836e+02 4.947697876060643679e-02
2.019137000000000057e+02 3.604424999999999955e+02 4.882849753329315812e-02
2.059240000000000066e+02 4.325310000000000059e+02 4.832767919138019480e-02
2.099318000000000097e+02 4.849590000000000032e+02 4.603594896125626224e-02
2.139371999999999900e+02 5.767080000000000837e+02 4.530765073144059352e-02
2.179402000000000044e+02 6.881175000000000637e+02 4.376480774634871479e-02
2.219407999999999959e+02 8.388480000000000700e+02 4.007758514720169418e-02
2.259388999999999896e+02 8.781689999999999827e+02 4.014808227318474032e-02
2.299346999999999923e+02 9.305970000000000937e+02 3.880495495783047727e-02
2.339279999999999973e+02 1.094434500000000071e+03 3.794114346738735460e-02
2.379189000000000078e+02 1.225504500000000007e+03 3.685607008055883510e-02
2.419073999999999955e+02 1.271379000000000133e+03 3.626889744848886543e-02
2.458934999999999889e+02 1.461430499999999938e+03 3.337360062589838500e-02
2.498771000000000129e+02 1.507305000000000064e+03 3.489233657025796187e-02
2.538583999999999889e+02 1.599054000000000087e+03 3.412932510040137674e-02
2.578373000000000275e+02 1.644928499999999985e+03 3.366148667837249447e-02
2.618136999999999830e+02 1.697356499999999869e+03 3.374511783007142635e-02
2.657878000000000043e+02 1.710463500000000067e+03 3.370322443362146203e-02
2.697594000000000278e+02 1.749784500000000207e+03 3.317243182124033490e-02
2.737287000000000035e+02 1.743230999999999995e+03 3.313263284851602347e-02
2.776954999999999814e+02 1.762891499999999951e+03 3.317243182124033490e-02
2.816600000000000250e+02 1.723570500000000038e+03 3.285799409138744770e-02
2.856220999999999890e+02 1.815319499999999834e+03 3.225504389383059001e-02
2.895817999999999870e+02 1.821872999999999820e+03 3.247723970490692946e-02
2.935391000000000190e+02 1.854640499999999975e+03 3.247723970490692946e-02
2.974940000000000282e+02 1.861194000000000187e+03 3.251472066337498384e-02
3.014465000000000146e+02 1.887407999999999902e+03 3.225504389383059001e-02
3.053967000000000098e+02 1.952942999999999984e+03 3.196575514532577073e-02
3.093444000000000074e+02 1.966049999999999955e+03 3.189464103021741326e-02
3.132898000000000138e+02 1.959496499999999969e+03 3.210942218446212471e-02
3.172327999999999975e+02 1.966049999999999955e+03 3.210942218446212471e-02
3.211734999999999900e+02 1.972603499999999940e+03 3.221845279425346320e-02
3.251116999999999848e+02 2.025031500000000051e+03 3.196575514532577073e-02
3.290475999999999885e+02 2.064352499999999964e+03 3.175382515030236719e-02
3.329812000000000012e+02 1.998817499999999882e+03 3.232860167212769226e-02
3.369123000000000161e+02 2.031585000000000036e+03 3.203734707183328312e-02
3.408410999999999831e+02 2.051245499999999993e+03 3.232860167212769226e-02
3.447676000000000158e+02 2.110226999999999862e+03 3.164942873025712589e-02
3.486917000000000257e+02 2.182315500000000156e+03 3.110952679318276445e-02
3.526134000000000128e+02 2.142994499999999789e+03 2.922412929454107008e-02
3.565326999999999771e+02 2.188869000000000142e+03 3.110952679318276445e-02
3.604497000000000071e+02 2.234743500000000040e+03 3.101133761571985351e-02
3.643643999999999892e+02 2.182315500000000156e+03 3.134231110579689672e-02
3.682767000000000053e+02 2.247850500000000011e+03 3.124190835627323193e-02
3.721866999999999734e+02 2.208529500000000098e+03 3.130873604409113026e-02
3.760942999999999756e+02 2.188869000000000142e+03 3.151182186665054535e-02
3.799995000000000118e+02 2.274064499999999953e+03 3.091407233395638068e-02
3.839024000000000001e+02 2.306832000000000335e+03 3.088185338582394995e-02
3.878029999999999973e+02 2.326492499999999836e+03 3.097881391761010336e-02
3.917013000000000034e+02 2.319938999999999851e+03 3.101133761571985351e-02
3.955971999999999866e+02 2.319938999999999851e+03 3.091407233395638068e-02
3.994907000000000039e+02 2.333045999999999822e+03 3.097881391761010336e-02
4.033820000000000050e+02 2.352706500000000233e+03 3.072225617590483571e-02
4.072708999999999833e+02 2.372367000000000189e+03 3.047196886006394920e-02
4.111573999999999955e+02 2.464115999999999985e+03 3.001871650081142096e-02
4.150416999999999916e+02 2.431348500000000058e+03 3.025791324268389468e-02
4.189236000000000217e+02 2.457562500000000000e+03 3.025791324268389468e-02
4.228032000000000039e+02 2.477222999999999956e+03 3.019757836063017425e-02
4.266804000000000201e+02 2.411688000000000102e+03 3.041034701972980189e-02
4.305554000000000201e+02 2.470669499999999971e+03 3.010774897461780328e-02
4.344279999999999973e+02 2.509990499999999884e+03 2.995979845284483384e-02
4.382982999999999834e+02 2.542758000000000266e+03 2.981400781417152535e-02
4.421662999999999784e+02 2.536204499999999825e+03 2.995979845284483384e-02
4.460319999999999823e+02 2.542758000000000266e+03 2.987206825439297012e-02
4.498953999999999951e+02 2.595186000000000149e+03 2.967032501250821408e-02
4.537563999999999851e+02 2.608293000000000120e+03 2.978510426126527999e-02
4.576152000000000157e+02 2.595186000000000149e+03 2.990122596582881973e-02
4.614716000000000236e+02 2.568971999999999753e+03 2.998921406960440919e-02
4.653258000000000152e+02 2.608293000000000120e+03 2.972754845045770533e-02
4.691775999999999840e+02 2.700041999999999916e+03 2.930625815706696877e-02
4.730271000000000186e+02 2.680381499999999960e+03 2.922412929454107008e-02
4.768743999999999801e+02 2.667274499999999989e+03 2.947261479038361734e-02
4.807192999999999756e+02 2.700041999999999916e+03 2.933378870156639132e-02
4.845620000000000118e+02 2.732809499999999844e+03 2.919690606618771667e-02
4.884023000000000252e+02 2.726255999999999858e+03 2.916975877434251074e-02
4.922404000000000224e+02 2.752470000000000255e+03 2.919690606618771667e-02
4.960761999999999716e+02 2.798344500000000153e+03 2.900845011589969422e-02
4.999096999999999866e+02 2.818004999999999654e+03 2.887605120429055303e-02
5.037409000000000106e+02 2.798344500000000153e+03 2.892879289427283812e-02
5.075697999999999865e+02 2.785237500000000182e+03 2.898182463978379517e-02
5.113964000000000283e+02 2.804897999999999683e+03 2.890238595778423999e-02
5.152208000000000538e+02 2.857326000000000022e+03 2.871954028907883899e-02
5.190429000000000315e+02 2.896647000000000389e+03 2.856554700612552733e-02
5.228627000000000180e+02 2.955628500000000258e+03 2.826484866373966606e-02
5.266802000000000135e+02 2.949074999999999818e+03 2.833913223116757765e-02
5.304954999999999927e+02 2.981842499999999745e+03 2.833913223116757765e-02
5.343084999999999809e+02 2.922860999999999876e+03 2.856554700612552733e-02
5.381191999999999780e+02 3.008056500000000142e+03 2.811801728788655350e-02
5.419275999999999840e+02 2.968735499999999774e+03 2.838898122700434651e-02
5.457337999999999738e+02 3.014610000000000127e+03 2.819114619497178550e-02
5.495376999999999725e+02 2.981842499999999745e+03 2.828954491018434089e-02
5.533393999999999551e+02 3.001503000000000156e+03 2.816670653177792000e-02
5.571387999999999465e+02 3.080144999999999982e+03 2.780757531258382445e-02
5.609358999999999469e+02 3.106358999999999924e+03 2.780757531258382445e-02
5.647308000000000447e+02 3.073591499999999996e+03 2.787830262134615225e-02
5.685234000000000378e+02 3.106358999999999924e+03 2.783109123671247825e-02
5.723138000000000147e+02 3.126019499999999880e+03 2.780757531258382445e-02
5.761019000000000005e+02 3.126019499999999880e+03 2.773738359277833423e-02
5.798877999999999702e+02 3.139126499999999851e+03 2.771410420672772851e-02
5.836713999999999487e+02 3.178447500000000218e+03 2.764461616372261565e-02
5.874528000000000247e+02 3.126019499999999880e+03 2.771410420672772851e-02
5.912318999999999960e+02 3.178447500000000218e+03 2.755277333125656300e-02
5.950087999999999511e+02 3.198108000000000175e+03 2.752995529559822130e-02
5.987835000000000036e+02 3.171893999999999778e+03 2.766772073621676098e-02
6.025558999999999514e+02 3.230875499999999647e+03 2.739422749116187522e-02
6.063260999999999967e+02 3.204661500000000160e+03 2.755277333125656300e-02
6.100940000000000509e+02 3.224322000000000116e+03 2.737180077639884621e-02
6.138596999999999753e+02 3.257089500000000044e+03 2.723838746815428202e-02
6.176231999999999971e+02 3.289856999999999971e+03 2.717240823326096122e-02
6.213845000000000027e+02 3.296410499999999956e+03 2.708517716310083340e-02
6.251435000000000173e+02 3.342284999999999854e+03 2.695589156972696618e-02
6.289003000000000156e+02 3.322624500000000353e+03 2.708517716310083340e-02
6.326548000000000229e+02 3.355392000000000280e+03 2.695589156972696618e-02
6.364071999999999889e+02 3.388159500000000207e+03 2.684955627724358584e-02
6.401572999999999638e+02 3.447141000000000076e+03 2.672359988469039105e-02
6.439052000000000362e+02 3.453694499999999607e+03 2.649721182521986781e-02
6.476508999999999787e+02 3.479908500000000004e+03 2.657886752518118234e-02
6.513944000000000187e+02 3.506122499999999945e+03 2.649721182521986781e-02
6.551355999999999540e+02 3.519229499999999916e+03 2.645666518811436857e-02
6.588746999999999616e+02 3.473355000000000018e+03 2.651755517702669360e-02
6.626114999999999782e+02 3.512675999999999931e+03 2.647691522183919996e-02
6.663461999999999534e+02 3.525782999999999902e+03 2.645666518811436857e-02
6.700786000000000513e+02 3.538889999999999873e+03 2.639619273146662920e-02
6.738088000000000193e+02 3.545443500000000313e+03 2.635610737389415190e-02
6.775367999999999711e+02 3.532336500000000342e+03 2.633613305698639939e-02
6.812626000000000204e+02 3.637192500000000109e+03 2.606117708184977830e-02
6.849862000000000535e+02 3.637192500000000109e+03 2.604186535108968248e-02
6.887075999999999567e+02 3.624085500000000138e+03 2.604186535108968248e-02
6.924269000000000460e+02 3.656853000000000065e+03 2.598418673021757677e-02
6.961439000000000306e+02 3.696173999999999978e+03 2.586996997188698369e-02
6.998586999999999989e+02 3.689620499999999993e+03 2.581342352182047079e-02
7.035712999999999511e+02 3.630638999999999669e+03 2.598418673021757677e-02
7.072817999999999756e+02 3.676513500000000022e+03 2.585107988541637467e-02
7.109900999999999840e+02 3.617532000000000153e+03 2.611937107410598410e-02
7.146961000000000013e+02 3.715834499999999935e+03 2.581342352182047079e-02
7.183999999999999773e+02 3.755155499999999847e+03 2.570143417149530624e-02
7.221017000000000507e+02 3.709280999999999949e+03 2.583223111886700021e-02
7.258011999999999944e+02 3.768262500000000273e+03 2.568291061292933899e-02
7.294986000000000104e+02 3.735495000000000346e+03 2.570143417149530624e-02
7.331938000000000102e+02 3.755155499999999847e+03 2.568291061292933899e-02
7.368867999999999938e+02 3.801030000000000200e+03 2.557260411626061450e-02
7.405775999999999613e+02 3.814137000000000171e+03 2.548175976479030366e-02
7.442662000000000262e+02 3.787922999999999774e+03 2.548175976479030366e-02
7.479527000000000498e+02 3.827244000000000142e+03 2.546370679775991283e-02
7.516369999999999436e+02 3.801030000000000200e+03 2.551798118998933537e-02
7.553191000000000486e+02 3.879672000000000025e+03 2.521492770223657601e-02
7.589990999999999985e+02 3.860011500000000069e+03 2.526762353338665376e-02
7.626769000000000460e+02 3.866564999999999600e+03 2.526762353338665376e-02
7.663526000000000522e+02 3.853458000000000084e+03 2.537401399775957717e-02
7.700261000000000422e+02 3.879672000000000025e+03 2.528526236522654277e-02
7.736974000000000160e+02 3.945206999999999880e+03 2.507600142349923969e-02
7.773665999999999485e+02 3.932099999999999909e+03 2.509324171527356484e-02
7.810335999999999785e+02 3.932099999999999909e+03 2.516256019461392615e-02
7.846984999999999673e+02 3.964867499999999836e+03 2.504162717646475980e-02
7.883612000000000535e+02 3.951760499999999865e+03 2.497330064482033984e-02
7.920217000000000098e+02 3.958314000000000306e+03 2.499032983237360270e-02
7.956801000000000386e+02 3.984527999999999793e+03 2.497330064482033984e-02
7.993364000000000260e+02 3.273808554233569339e+02 2.497330064482033984e-02
8.029904999999999973e+02 4.174545831120976800e+02 2.472196951910847484e-02
8.066425000000000409e+02 2.977744862681706763e+02 2.449411240410903287e-02
8.102922999999999547e+02 3.418893601993636366e+02 2.487185147535295529e-02
8.139400000000000546e+02 3.466399967114384708e+02 2.473848938030321840e-02
8.175855999999999995e+02 3.710071840601958684e+02 2.472196951910847484e-02
8.212290000000000418e+02 3.756692070350395625e+02 2.475504240281801646e-02
8.248703000000000429e+02 3.868393468463714271e+02 2.465621948375162215e-02
8.285094000000000278e+02 3.127678811445111933e+02 2.482158833578737220e-02
8.321464999999999463e+02 3.369520840390609919e+02 2.478824837670243544e-02
8.357812999999999874e+02 3.152142261842686821e+02 2.472196951910847484e-02
8.394140999999999622e+02 3.982840748648650333e+02 2.455857070609649556e-02
8.430447000000000344e+02 4.026628939512979741e+02 2.457476495164537950e-02
8.466731999999999516e+02 2.955824439865309614e+02 2.475504240281801646e-02
8.502996000000000549e+02 2.933074822733151450e+02 2.478824837670243544e-02
8.539239000000000033e+02 2.975347628309023094e+02 2.470548270865916343e-02
8.575460000000000491e+02 3.017100364833322601e+02 2.468902883889616262e-02
8.611660000000000537e+02 3.648140509482295784e+02 2.389113549494918665e-02
8.647839999999999918e+02 2.836875508605917275e+02 2.470548270865916343e-02
8.683997000000000526e+02 3.073627778626241707e+02 2.460724978400466445e-02
8.720134000000000469e+02 3.047689705630564276e+02 2.457476495164537950e-02
8.756250000000000000e+02 3.086728646280598696e+02 2.455857070609649556e-02
8.792344000000000506e+02 2.797526928727220366e+02 2.454240843339750358e-02
8.828418000000000347e+02 2.573286852875444310e+02 2.463986378080167822e-02
8.864470000000000027e+02 3.134885691310382754e+02 2.446207300203158408e-02
8.900502000000000180e+02 1.991985690228925705e+02 2.477162869774610088e-02
8.936512000000000171e+02 2.552399070377314274e+02 2.460724978400466445e-02
8.972500999999999749e+02 1.670438027339127984e+02 2.462354058339518217e-02
9.008469000000000051e+02 2.098564732484687738e+02 2.467260780027276737e-02
9.044416999999999689e+02 2.067326333926430380e+02 2.465621948375162215e-02
9.080343000000000302e+02 1.576714957480471639e+02 2.473848938030321840e-02
9.116248000000000502e+02 2.330632707634326835e+02 2.451017938675123520e-02
9.152133000000000038e+02 1.838741668520942767e+02 2.462354058339518217e-02
9.187996000000000549e+02 1.936013904899041336e+02 2.460724978400466445e-02
9.223839000000000397e+02 1.115136463139938314e+02 2.478824837670243544e-02
9.259660000000000082e+02 1.800896372220945523e+02 2.455857070609649556e-02
9.295461000000000240e+02 1.634025644725206803e+02 2.457476495164537950e-02
9.331240999999999985e+02 1.138796278503632493e+02 2.465621948375162215e-02
9.367000000000000455e+02 1.429295257033008966e+02 2.374356684718442051e-02
9.402739000000000260e+02 9.982095510914177794e+01 2.465621948375162215e-02
9.438455999999999904e+02 1.090696119785447991e+02 2.463986378080167822e-02
9.474153000000000020e+02 9.858619109289065818e+01 2.462354058339518217e-02
9.509828999999999724e+02 8.803038620840106887e+01 2.462354058339518217e-02
9.545484000000000151e+02 6.429439016097057902e+01 2.468902883889616262e-02
9.581118000000000166e+02 4.048439497172648771e+01 2.475504240281801646e-02
9.616731999999999516e+02 -1.616790804668016790e+01 2.475504240281801646e-02
9.652324999999999591e+02 4.506717181695603358e+01 2.460724978400466445e-02
9.687897000000000389e+02 -5.105817521983090046e+01 2.485506318354782640e-02
9.723449000000000524e+02 3.469740675357570581e+00 2.465621948375162215e-02
9.758979000000000497e+02 5.491609059084112232e+00 2.470548270865916343e-02
9.794489999999999554e+02 -1.222588074338455044e+01 2.462354058339518217e-02
9.829978999999999587e+02 -3.657653952723194379e+01 2.460724978400466445e-02
9.865448000000000093e+02 1.763432190354615159e+01 2.457476495164537950e-02
9.900896999999999935e+02 -3.309200373327530542e+01 2.462354058339518217e-02
9.936323999999999614e+02 -2.491850707001049159e+01 2.457476495164537950e-02
9.971731999999999516e+02 -6.270134814985522098e+01 2.465621948375162215e-02
1.000711800000000039e+03 3.050406191987804050e+01 2.430374076877859016e-02
1.004248399999999947e+03 -2.710251986790808587e+01 2.452627802847822530e-02
1.007783000000000015e+03 -4.546911750016988663e+01 2.454240843339750358e-02
1.011315500000000043e+03 -1.148798420969887957e+01 2.438252133444233916e-02
1.014846000000000004e+03 2.896738459880543815e+01 2.425683739775227193e-02
1.018374400000000037e+03 1.691660828560179652e+01 2.427244166916203358e-02
1.021900800000000004e+03 -7.385302488696925138e+01 2.452627802847822530e-02
1.025425099999999929e+03 3.846027317427069647e+01 2.411774001870354775e-02
1.028947400000000016e+03 1.962929051460923802e+01 2.424126318272920230e-02
1.032467599999999948e+03 3.349281486027211940e+01 2.416383959569009740e-02
1.035985799999999927e+03 2.107063367565569934e+01 2.416383959569009740e-02
1.039501999999999953e+03 1.199875340902071912e+02 2.392098077266305994e-02
1.043016100000000051e+03 4.844430302266664512e+01 2.401119220823010394e-02
1.046528199999999970e+03 1.210102267817164829e+02 2.374356684718442051e-02
1.050038199999999961e+03 8.210009060178254003e+01 2.386140164958258300e-02
1.053546199999999999e+03 1.741946787693314036e+02 2.361306686556570097e-02
1.057052200000000084e+03 1.023877744876863289e+02 2.377286182050668620e-02
1.060556199999999990e+03 1.615881598080441108e+02 2.361306686556570097e-02
1.064058099999999968e+03 1.355316152989798866e+02 2.364188086879977571e-02
1.067557999999999993e+03 1.487359200442579095e+02 2.358435795906480351e-02
1.071055900000000065e+03 1.815418517723364857e+02 2.342830936574983453e-02
1.074551799999999957e+03 1.356481868553828463e+02 2.358435795906480351e-02
1.078045599999999922e+03 7.003770030889518239e+01 2.369982674216115914e-02
1.081537499999999909e+03 2.206376657918935962e+02 2.328910249250217002e-02
1.085027299999999968e+03 2.007928554110667392e+02 2.334448688104234088e-02
1.088515100000000075e+03 2.005560391322687792e+02 2.330291162653057996e-02
1.092000800000000027e+03 2.330354848478864369e+02 2.315234791915635540e-02
1.095484600000000000e+03 3.834279584447549496e+02 2.287283246625987018e-02
1.098966300000000047e+03 3.109527234793540629e+02 2.299137946945880792e-02
1.102446099999999888e+03 3.891605402637051156e+02 2.275610049231621690e-02
1.105923800000000028e+03 4.083406654104919653e+02 2.270479016661493613e-02
1.109399499999999989e+03 3.357268519029357776e+02 2.285977346864025150e-02
1.112873199999999997e+03 3.482648489685270761e+02 2.249052979094155399e-02
1.116345000000000027e+03 3.869744022153490732e+02 2.261582619102546488e-02
1.119814699999999903e+03 4.321962534411641172e+02 2.254039798917545009e-02
1.123282400000000052e+03 3.725221405739948750e+02 2.264113770000049375e-02
1.126748100000000022e+03 4.111117976786445070e+02 2.251542247126803870e-02
1.130211800000000039e+03 4.365569546359511151e+02 2.246571949128677373e-02
1.133673500000000104e+03 4.423053372156373371e+02 2.242865751473031855e-02
1.137133199999999988e+03 4.349116671495312403e+02 2.244099111891499632e-02
1.140590999999999894e+03 3.619491619430136780e+02 2.246571949128677373e-02
1.144046700000000101e+03 4.134705348178840723e+02 2.241634422392319026e-02
1.147500399999999900e+03 4.649604947866373550e+02 2.227014911500221905e-02
1.150952199999999948e+03 4.181177467270708803e+02 2.231856253978071677e-02
1.154402000000000044e+03 5.088694911950542519e+02 2.209136525592946682e-02
1.157849699999999984e+03 4.685234242376054681e+02 2.221007307053211172e-02
1.161295499999999947e+03 5.067927370751904164e+02 2.211495454749355313e-02
1.164739399999999932e+03 5.384831159808991288e+02 2.199775735496412032e-02
1.168181199999999990e+03 5.439352421599005538e+02 2.195139743545637331e-02
1.171621000000000095e+03 5.165967914325356105e+02 2.197454071804173445e-02
1.175058899999999994e+03 5.023434343108656321e+02 2.198613984300782850e-02
1.178494799999999941e+03 6.256928361409873105e+02 2.173512223562159770e-02
1.181928699999999935e+03 5.458641571144898990e+02 2.188240387317435739e-02
1.185360699999999952e+03 5.577660518213897376e+02 2.182540350578460533e-02
1.188790700000000015e+03 5.958646691309204471e+02 2.174634615696641876e-02
1.192218699999999899e+03 5.749656519414475042e+02 2.173512223562159770e-02
1.195644700000000057e+03 6.392471372582231197e+02 2.157979012200910915e-02
1.199068800000000010e+03 6.445332562713147126e+02 2.154693581705652977e-02
1.202490900000000011e+03 6.432531337783148047e+02 2.151423111444600300e-02
1.205911000000000058e+03 5.960868883280891168e+02 2.156882199417377299e-02
1.209329199999999901e+03 7.061941321680469628e+02 2.138488586729738253e-02
1.212745400000000018e+03 6.590079712570523043e+02 2.143849559260137608e-02
1.216159699999999930e+03 6.839020048197053256e+02 2.136355430501354555e-02
1.219571999999999889e+03 7.481098251628536673e+02 2.122643800024026639e-02
1.222982299999999896e+03 8.123115177543240861e+02 2.113304329545795043e-02
1.226390699999999924e+03 8.240801605808492241e+02 2.103070350129344901e-02
1.229797100000000000e+03 8.358448235060459410e+02 2.102055109737028735e-02
1.233201600000000099e+03 8.410530681527316119e+02 2.100029032052031647e-02
1.236604100000000017e+03 8.003849478508145694e+02 2.104087062951670237e-02
1.240004699999999957e+03 8.973395077162831512e+02 2.087000809234146673e-02
1.243403299999999945e+03 8.632242845991386275e+02 2.085017910155329349e-02
1.246799899999999980e+03 8.291103067692010882e+02 2.090983638828859334e-02
1.250194700000000012e+03 9.522825938640553431e+02 2.070324154767460775e-02
1.253587500000000091e+03 8.657461568369690212e+02 2.081069009053673410e-02
1.256978299999999990e+03 8.513024978392722915e+02 2.079102953811706039e-02
1.260367199999999912e+03 9.613806103648357748e+02 2.064533026906797963e-02
1.263754200000000083e+03 8.748599788702240403e+02 2.073238053682796220e-02
1.267139200000000073e+03 8.997560787224765591e+02 2.065494840621636546e-02
1.270522300000000087e+03 8.984463761468268785e+02 2.060699164681277160e-02
1.273903399999999920e+03 9.430203282398788360e+02 2.055936738243922465e-02
1.277282600000000002e+03 9.679438829171695033e+02 2.048385062631319364e-02
1.280659900000000107e+03 1.012538978664036222e+03 2.042775599623792779e-02
1.284035300000000007e+03 9.785040442863764838e+02 2.041845162044382544e-02
1.287408699999999953e+03 9.706959986613019282e+02 2.044640297045030239e-02
1.290780199999999923e+03 9.629017508153574454e+02 2.041845162044382544e-02
1.294149799999999914e+03 1.020657200002592617e+03 2.032610175034619063e-02
1.297517399999999952e+03 9.801257357825061263e+02 2.032610175034619063e-02
1.300883100000000013e+03 1.018252737770169915e+03 2.028951107846024490e-02
1.304246900000000096e+03 1.056397075517261328e+03 2.022595013572082989e-02
1.307608799999999974e+03 1.055238608392936840e+03 2.018091345071923448e-02
1.310968800000000101e+03 1.054099185398981717e+03 2.018091345071923448e-02
1.314326800000000048e+03 9.939981453124773907e+02 2.024404942358030979e-02
1.317682900000000018e+03 1.019113316697192204e+03 2.017194216178926081e-02
1.321037100000000009e+03 9.656080179803111605e+02 2.020789930647948901e-02
1.324389400000000023e+03 9.776600575289548942e+02 2.019889199633443863e-02
1.327739800000000059e+03 9.504142337264920570e+02 2.020789930647948901e-02
1.331088299999999890e+03 9.690668351141512176e+02 2.018091345071923448e-02
1.334434799999999996e+03 1.046725640466882396e+03 2.003879257360084709e-02
1.337779500000000098e+03 9.278049188689728908e+02 2.015403541865785214e-02
1.341122200000000021e+03 1.071050429854943104e+03 1.993415064388588329e-02
1.344463099999999940e+03 1.109466922632709611e+03 1.989963260821537433e-02
1.347801999999999907e+03 1.088929635699686514e+03 1.989103108085945801e-02
1.351139100000000099e+03 1.173276796524152815e+03 1.972130928330640201e-02
1.354474200000000110e+03 1.106922621619557503e+03 1.983113108786623002e-02
1.357807399999999916e+03 1.119240316684078607e+03 1.977176900574340035e-02
1.361138799999999947e+03 1.111928076739882272e+03 1.978021667500547490e-02
1.364468200000000024e+03 1.104647086141019827e+03 1.972130928330640201e-02
1.367795800000000099e+03 1.084291018581005119e+03 1.977176900574340035e-02
1.371121399999999994e+03 1.024646537231167713e+03 1.985673617417685333e-02
1.374445200000000114e+03 9.846957947475957553e+02 1.984819012851561301e-02
1.377767000000000053e+03 1.016867433343314588e+03 1.981411595724488425e-02
1.381086999999999989e+03 9.573245847290399979e+02 1.983965510763998838e-02
1.384405099999999948e+03 1.041993870184678599e+03 1.972969241196697102e-02
1.387721299999999928e+03 9.563079006960060724e+02 1.980562479938452816e-02
1.391035599999999931e+03 9.296397770254625357e+02 1.980562479938452816e-02
1.394348099999999931e+03 1.066846089848136216e+03 1.958041138401455522e-02
1.397658599999999979e+03 1.118894419690764153e+03 1.954769555266750239e-02
1.400967300000000023e+03 1.053017836673762758e+03 1.958041138401455522e-02
1.404274100000000089e+03 1.033054400449494096e+03 1.964633888160859446e-02
1.407578999999999951e+03 1.085218660271209956e+03 1.955585913437759421e-02
1.410882000000000062e+03 9.735851550616225722e+02 1.967123393558508834e-02
1.414183199999999943e+03 1.065150413481076612e+03 1.952326601316729457e-02
1.417482500000000073e+03 9.667049537331822648e+02 1.963806151074124970e-02
1.420779899999999998e+03 1.025584783697721832e+03 1.953139901331726186e-02
1.424075499999999920e+03 1.038631901063150508e+03 1.946661807528000943e-02
1.427369099999999889e+03 1.018953793393146043e+03 1.951514316446405217e-02
1.430660900000000083e+03 1.045192938258281174e+03 1.947468045627396074e-02
1.433950900000000047e+03 9.797263033672697929e+02 1.953954218607603308e-02
1.437239000000000033e+03 9.470708466977839635e+02 1.955585913437759421e-02
1.440525200000000041e+03 9.275665166923754441e+02 1.959683101908779937e-02
1.443809500000000071e+03 9.408742523228893333e+02 1.954769555266750239e-02
1.447092000000000098e+03 8.886919832199737357e+02 1.954769555266750239e-02
1.450372599999999920e+03 8.758761298021399853e+02 1.956403295255452687e-02
1.453651399999999967e+03 8.827666034043741092e+02 1.957221702860902079e-02
1.456928300000000036e+03 7.914008064063009442e+02 1.962979459330031068e-02
1.460203400000000101e+03 7.459561322943436608e+02 1.967955334130089273e-02
1.463476599999999962e+03 7.726469657889692826e+02 1.962153810730171005e-02
1.466747900000000072e+03 6.945291830369842501e+02 1.970457503397698290e-02
1.470017399999999952e+03 8.458316517378470962e+02 1.951514316446405217e-02
1.473285000000000082e+03 9.119867313350323457e+02 1.940247747891523863e-02
1.476550799999999981e+03 8.012457732069060512e+02 1.954769555266750239e-02
1.479814800000000105e+03 6.905536207916011335e+02 1.963806151074124970e-02
1.483076900000000023e+03 8.027296097113940050e+02 1.948275286302737774e-02
1.486337099999999964e+03 7.838850678966164196e+02 1.948275286302737774e-02
1.489595499999999902e+03 7.519833155779770095e+02 1.950703044610704179e-02
1.492852100000000064e+03 7.201316653439444053e+02 1.955585913437759421e-02
1.496106800000000021e+03 6.752234222631550438e+02 1.956403295255452687e-02
1.499359699999999975e+03 6.565798838097234693e+02 1.960505634201833644e-02
1.502610799999999927e+03 6.510943399846501052e+02 1.959683101908779937e-02
1.505859999999999900e+03 7.308555733711764333e+02 1.945856569930972182e-02
1.509107400000000098e+03 7.058123592551892216e+02 1.947468045627396074e-02
1.512352900000000091e+03 7.201419656140215011e+02 1.946661807528000943e-02
1.515596600000000080e+03 7.214166532358185577e+02 1.946661807528000943e-02
1.518838500000000067e+03 7.424041757073091503e+02 1.939450440379784577e-02
1.522078600000000051e+03 7.372302794010565776e+02 1.937858769664086919e-02
1.525316800000000057e+03 6.927882035277234536e+02 1.944249087979666932e-02
1.528553200000000061e+03 7.073806799912099450e+02 1.940247747891523863e-02
1.531787700000000086e+03 7.482404335053997784e+02 1.931531050664543961e-02
1.535020500000000084e+03 7.694931816448342943e+02 1.929174086942605018e-02
1.538251400000000103e+03 8.104601345016571941e+02 1.922930788734337343e-02
1.541480499999999893e+03 8.842484944730822463e+02 1.911386172954579118e-02
1.544707799999999907e+03 7.680394560483273381e+02 1.925264915576276742e-02
1.547933199999999943e+03 8.550432057260804868e+02 1.884505966503728300e-02
1.551156899999999951e+03 8.372454215382240363e+02 1.911386172954579118e-02
1.554378699999999981e+03 9.309117730317475434e+02 1.900796694391270608e-02
1.557598700000000008e+03 8.018139213811955415e+02 1.912149353728833864e-02
1.560816900000000032e+03 8.497155195005543646e+02 1.907583928940753334e-02
1.564033300000000054e+03 8.517977120890755032e+02 1.906826199445539258e-02
1.567247800000000097e+03 8.080606357420665518e+02 1.908342562468036060e-02
1.570460600000000113e+03 8.168069189956049740e+02 1.904558417236484891e-02
1.573671599999999899e+03 8.190551823707046424e+02 1.903051049831967767e-02
1.576880699999999933e+03 7.885915384169129538e+02 1.901547255800340591e-02
1.580087999999999965e+03 7.385230916898390205e+02 1.912149353728833864e-02
1.583293599999999969e+03 7.474919388591779352e+02 1.911386172954579118e-02
1.586497299999999996e+03 7.106421688161863131e+02 1.910623905258081179e-02
1.589699200000000019e+03 7.983648627150623724e+02 1.902298707027380922e-02
1.592899400000000014e+03 6.960920940793057525e+02 1.912913449405176033e-02
1.596097700000000032e+03 7.249454289730429082e+02 1.906826199445539258e-02
1.599294200000000046e+03 7.210874261062708683e+02 1.905313445380013571e-02
1.602488900000000058e+03 7.041786369395413203e+02 1.900796694391270608e-02
1.605681900000000041e+03 7.397541057880680455e+02 1.901547255800340591e-02
1.608873000000000047e+03 7.622788699252823790e+02 1.897057173369367730e-02
1.612062400000000025e+03 7.062179598824295681e+02 1.903051049831967767e-02
1.615249900000000025e+03 6.829808997476011427e+02 1.900047021045452034e-02
1.618435699999999997e+03 6.073722072675955133e+02 1.911386172954579118e-02
1.621619699999999966e+03 5.121593940147595276e+02 1.916747715528334048e-02
1.624801899999999932e+03 5.087519654877205539e+02 1.919831784643550102e-02
1.627982299999999896e+03 5.709359212770959857e+02 1.914444392787003832e-02
1.631160900000000083e+03 5.414272552306338184e+02 1.911386172954579118e-02
1.634337700000000041e+03 5.447424556833266251e+02 1.910623905258081179e-02
1.637512799999999970e+03 4.563650055559055545e+02 1.917517339215452782e-02
1.640686099999999897e+03 4.401323827804208122e+02 1.922154630967608593e-02
1.643857600000000048e+03 4.436165605942087495e+02 1.918287890719013247e-02
1.647027299999999968e+03 3.816220077022117039e+02 1.922154630967608593e-02
1.650195200000000114e+03 3.262371883732166680e+02 1.929174086942605018e-02
1.653361400000000003e+03 3.757645625355098673e+02 1.924485929133068485e-02
1.656525799999999890e+03 3.663665858719841708e+02 1.926825730518949564e-02
1.659688400000000001e+03 4.225597099146816618e+02 1.916747715528334048e-02
1.662849200000000110e+03 4.460413821387701319e+02 1.911386172954579118e-02
1.666008299999999963e+03 3.581695460559640196e+02 1.922930788734337343e-02
1.669165600000000040e+03 3.358886413073878430e+02 1.922154630967608593e-02
1.672321200000000090e+03 3.464311037558645694e+02 1.912149353728833864e-02
1.675474899999999934e+03 4.291178655776693631e+02 1.908342562468036060e-02
1.678626899999999978e+03 4.594323550915542000e+02 1.903804285978554639e-02
1.681777199999999993e+03 4.504814968493756169e+02 1.902298707027380922e-02
1.684925600000000031e+03 4.284792114640167711e+02 1.906826199445539258e-02
1.688072400000000016e+03 3.082299156989020048e+02 1.918287890719013247e-02
1.691217300000000023e+03 3.977480224914070277e+02 1.905313445380013571e-02
1.694360500000000002e+03 3.496979410412668585e+02 1.913678461813044657e-02
1.697501999999999953e+03 3.148100768984086244e+02 1.913678461813044657e-02
1.700641599999999926e+03 3.389588319847107414e+02 1.910623905258081179e-02
1.703779600000000073e+03 3.369486046807487583e+02 1.909102101826455622e-02
1.706915700000000015e+03 4.332957897809046699e+02 1.897803311912817439e-02
1.710050199999999904e+03 3.986277785790116468e+02 1.899298234013005460e-02
1.713182800000000043e+03 2.919259588223621904e+02 1.909862548820097372e-02
1.716313699999999926e+03 3.622232147962577073e+02 1.900796694391270608e-02
1.719442900000000009e+03 2.687374274079920724e+02 1.908342562468036060e-02
1.722570300000000088e+03 3.129294742703123120e+02 1.905313445380013571e-02
1.725695999999999913e+03 3.047477297843070119e+02 1.904558417236484891e-02
1.728819899999999961e+03 2.638525652217758761e+02 1.908342562468036060e-02
1.731942099999999982e+03 2.754393486104418116e+02 1.908342562468036060e-02
1.735062599999999975e+03 3.067404447496919602e+02 1.903051049831967767e-02
1.738181299999999965e+03 3.643092152913104655e+02 1.892598748466956665e-02
1.741298199999999952e+03 3.826105187541470514e+02 1.892598748466956665e-02
1.744413500000000113e+03 3.288767104727030528e+02 1.896311914187840536e-02
1.747526900000000069e+03 2.948566426762681658e+02 1.898550331548877132e-02
1.750638699999999972e+03 2.608896646330367730e+02 1.902298707027380922e-02
1.753748700000000099e+03 3.187246226626430143e+02 1.895567532642304306e-02
1.756856999999999971e+03 3.438448602136923000e+02 1.891119577667743287e-02
1.759963500000000067e+03 3.362502178096856369e+02 1.889643869618061467e-02
1.763068400000000111e+03 2.172985329944258410e+02 1.904558417236484891e-02
1.766171499999999924e+03 3.343251402768964908e+02 1.887436770710762546e-02
1.769272799999999961e+03 2.941198711411443583e+02 1.891119577667743287e-02
1.772372399999999971e+03 2.474130540556443520e+02 1.891119577667743287e-02
1.775470299999999952e+03 2.204185145476722028e+02 1.901547255800340591e-02
1.778566499999999905e+03 3.638665752771712505e+02 1.883045674950449902e-02
1.781661000000000058e+03 2.124585561100866471e+02 1.897057173369367730e-02
1.784753699999999981e+03 2.642602741256550871e+02 1.887436770710762546e-02
1.787844700000000103e+03 2.505780435576534728e+02 1.888171610828427022e-02
1.790933999999999969e+03 2.435001758661883287e+02 1.888171610828427022e-02
1.794021600000000035e+03 2.561334798089856122e+02 1.887436770710762546e-02
1.797107500000000073e+03 2.622637613810984476e+02 1.880135247129110371e-02
1.800191600000000108e+03 2.749978238851790593e+02 1.877961260762642595e-02
1.803273999999999887e+03 2.812284678046416957e+02 1.876516119139795893e-02
1.806354700000000093e+03 2.875089907418596340e+02 1.875074308616401370e-02
1.809433700000000044e+03 3.003926873558593797e+02 1.872917810710693701e-02
1.812510999999999967e+03 3.133258492995046254e+02 1.871484272184000680e-02
1.815586600000000089e+03 3.197547652217508585e+02 1.870054020334134190e-02
1.818660499999999956e+03 3.327862206382824297e+02 1.867914777665902193e-02
1.821732600000000048e+03 3.851874978672503858e+02 1.865782859781570796e-02
1.824803100000000086e+03 3.458883758989422859e+02 1.870054020334134190e-02
1.827871799999999894e+03 3.721726302649849458e+02 1.863658224976132149e-02
1.830938900000000103e+03 3.395235330381246968e+02 1.867914777665902193e-02
1.834004200000000083e+03 3.527968528315241201e+02 1.862951624675861229e-02
1.837067900000000009e+03 3.726713547320441648e+02 1.863658224976132149e-02
1.840129799999999932e+03 4.319143002985765634e+02 1.855231693981260199e-02
1.843190100000000029e+03 3.011529475599127181e+02 1.868627042621308354e-02
1.846248599999999897e+03 3.670435510776615047e+02 1.860133239363548699e-02
1.849305399999999963e+03 3.150178619431617335e+02 1.865073840998689170e-02
1.852360599999999977e+03 3.285736278394606416e+02 1.864365629907653241e-02
1.855414099999999962e+03 3.225150931028192645e+02 1.864365629907653241e-02
1.858465799999999945e+03 3.492699986526977227e+02 1.859430639436930599e-02
1.861515900000000101e+03 3.695170819212708011e+02 1.858027824722393792e-02
1.864564300000000003e+03 4.487910768480114712e+02 1.840756323054529298e-02
1.867611000000000104e+03 2.987377139393665857e+02 1.863658224976132149e-02
1.870655999999999949e+03 3.584412201969034868e+02 1.854534631512926718e-02
1.873699299999999994e+03 3.854218190450019392e+02 1.852448148986727411e-02
1.876740900000000011e+03 3.731257303236270673e+02 1.853142860486486562e-02
1.879780899999999974e+03 3.084456703462064979e+02 1.856628180211351495e-02
1.882819099999999935e+03 3.158978517604491572e+02 1.854534631512926718e-02
1.885855700000000070e+03 4.020354835398056821e+02 1.849677095604441296e-02
1.888890599999999949e+03 4.488952710400017168e+02 1.842120351639673845e-02
1.891923800000000028e+03 3.385139159896225465e+02 1.853838354172254732e-02
1.894955400000000054e+03 3.985661163491868137e+02 1.846230703388184249e-02
1.897985200000000077e+03 4.390000663664050080e+02 1.842120351639673845e-02
1.901013400000000047e+03 7.713469500000000153e+03 1.842120351639673845e-02
1.904039999999999964e+03 7.687255500000000211e+03 1.848296224119990241e-02
1.907064800000000105e+03 7.693809000000000196e+03 1.844857530492078138e-02
1.910087999999999965e+03 7.739683500000000095e+03 1.840756323054529298e-02
1.913109500000000025e+03 7.615166999999999462e+03 1.855231693981260199e-02
1.916129300000000057e+03 7.647934500000000298e+03 1.851061066688906159e-02
1.919147400000000061e+03 7.772451000000000022e+03 1.837359464055434918e-02
1.922163900000000012e+03 7.615166999999999462e+03 1.852448148986727411e-02
1.925178799999999910e+03 7.700362499999999272e+03 1.844857530492078138e-02
1.928191900000000032e+03 7.733129999999999200e+03 1.842120351639673845e-02
1.931203400000000101e+03 7.693809000000000196e+03 1.842803504027941755e-02
1.934213199999999915e+03 7.700362499999999272e+03 1.842803504027941755e-02
1.937221399999999903e+03 7.779004500000000007e+03 1.836005976237086237e-02
1.940227900000000091e+03 7.831432499999999891e+03 1.828614888322493970e-02
1.943232799999999997e+03 7.811771999999999935e+03 1.831292217557625376e-02
1.946236000000000104e+03 7.772451000000000022e+03 1.835330353039881651e-02
1.949237499999999955e+03 7.910074499999999716e+03 1.816056025501028640e-02
1.952237399999999980e+03 7.844539499999999862e+03 1.824620821183788044e-02
1.955235599999999977e+03 7.870753499999999804e+03 1.818678490441904758e-02
1.958232199999999921e+03 7.969055999999999585e+03 1.812143512463210496e-02
1.961227100000000064e+03 8.028037499999999454e+03 1.808256178320689911e-02
1.964220299999999952e+03 8.139447000000000116e+03 1.796742580104348716e-02
1.967211999999999989e+03 7.982163000000000466e+03 1.809549175395683621e-02
1.970201900000000023e+03 8.021483999999999469e+03 1.808902330272104536e-02
1.973190200000000004e+03 7.988716499999999542e+03 1.812143512463210496e-02
1.976176899999999932e+03 8.067358500000000276e+03 1.805035772953922368e-02
1.979161900000000060e+03 7.955948999999999614e+03 1.816056025501028640e-02
1.982145299999999907e+03 8.034591000000000349e+03 1.806321869143419703e-02
1.985127099999999928e+03 7.988716499999999542e+03 1.812143512463210496e-02
1.988107199999999921e+03 8.014930500000000393e+03 1.807610718304294983e-02
1.991085600000000113e+03 8.067358500000000276e+03 1.803111769096117645e-02
1.994062400000000025e+03 8.054251499999999396e+03 1.805678477540055560e-02
1.997037600000000111e+03 8.146000499999999192e+03 1.794213736373817536e-02
2.000011199999999917e+03 8.139447000000000116e+03 1.798011018370422945e-02
2.002983099999999922e+03 8.159107500000000073e+03 1.794844946151083476e-02
2.005953299999999899e+03 8.119786500000000160e+03 1.796109366840594260e-02
2.008922000000000025e+03 8.204981999999999971e+03 1.790440412036622270e-02
2.011888999999999896e+03 8.218088999999999942e+03 1.787314094980646528e-02
2.014854299999999967e+03 8.204981999999999971e+03 1.788562655450751451e-02
2.017818099999999959e+03 8.218088999999999942e+03 1.787938048253268769e-02
2.020780199999999923e+03 8.218088999999999942e+03 1.783584044108029246e-02
2.023740700000000061e+03 8.237749499999999898e+03 1.785446147323488386e-02
2.026699499999999944e+03 8.218088999999999942e+03 1.787938048253268769e-02
2.029656799999999976e+03 8.204981999999999971e+03 1.789187917716120874e-02
2.032612399999999980e+03 8.224642499999999927e+03 1.787314094980646528e-02
2.035566399999999931e+03 8.218088999999999942e+03 1.788562655450751451e-02
2.038518700000000081e+03 8.152554000000000087e+03 1.794213736373817536e-02
2.041469499999999925e+03 8.159107500000000073e+03 1.790440412036622270e-02
2.044418599999999969e+03 8.257409999999999854e+03 1.784204097679379167e-02
2.047366099999999960e+03 8.211535499999999956e+03 1.786068145651823619e-02
2.050311999999999898e+03 8.139447000000000116e+03 1.793583192078690783e-02
2.053256199999999808e+03 8.237749499999999898e+03 1.785446147323488386e-02
2.056198899999999867e+03 8.126340000000000146e+03 1.795476822581907467e-02
2.059139900000000125e+03 8.106679500000000189e+03 1.796109366840594260e-02
2.062079299999999876e+03 8.178768000000000029e+03 1.790440412036622270e-02
2.065017199999999775e+03 8.159107500000000073e+03 1.793583192078690783e-02
2.067953399999999874e+03 8.178768000000000029e+03 1.790440412036622270e-02
2.070887999999999920e+03 8.165661000000000058e+03 1.791067646391837284e-02
2.073820900000000165e+03 8.244302999999999884e+03 1.779877249569640843e-02
2.076752300000000105e+03 8.303284499999999753e+03 1.778032498081146690e-02
2.079682099999999991e+03 8.250856500000001688e+03 1.784824798375727467e-02
2.082610200000000077e+03 8.303284499999999753e+03 1.778032498081146690e-02
2.085536799999999857e+03 8.355712499999999636e+03 1.772532470302460791e-02
2.088461800000000039e+03 8.395033499999999549e+03 1.769498868095753519e-02
2.091385099999999966e+03 8.362265999999999622e+03 1.770710438842357237e-02
2.094306900000000041e+03 8.244302999999999884e+03 1.778646777767147261e-02
2.097226999999999862e+03 8.375372999999999593e+03 1.770710438842357237e-02
2.100145599999999831e+03 8.316391500000001543e+03 1.774360137882308869e-02
2.103062500000000000e+03 8.395033499999999549e+03 1.767686166030627698e-02
2.105977899999999863e+03 8.342605499999999665e+03 1.770710438842357237e-02
2.108891700000000128e+03 8.336051999999999680e+03 1.773750287327130123e-02
2.111803800000000138e+03 8.375372999999999593e+03 1.771317158215598639e-02
2.114714399999999841e+03 8.355712499999999636e+03 1.752205962135083839e-02
2.117623399999999947e+03 8.329498499999999694e+03 1.770710438842357237e-02
2.120530799999999999e+03 8.362265999999999622e+03 1.755151343205616291e-02
2.123436599999999999e+03 8.375372999999999593e+03 1.768894014593858435e-02
2.126340799999999945e+03 8.309837999999999738e+03 1.770710438842357237e-02
2.129243500000000040e+03 8.355712499999999636e+03 1.767686166030627698e-02
2.132144499999999880e+03 8.244302999999999884e+03 1.781110278639986416e-02
2.135043999999999869e+03 8.303284499999999753e+03 1.775581728483387536e-02
2.137941899999999805e+03 8.355712499999999636e+03 1.770710438842357237e-02
2.140838099999999940e+03 8.290177499999999782e+03 1.774360137882308869e-02
2.143732899999999972e+03 8.395033499999999549e+03 1.764677336332797636e-02
2.146626000000000204e+03 8.375372999999999593e+03 1.769498868095753519e-02
2.149517499999999927e+03 8.388479999999999563e+03 1.762879396654220415e-02
2.152407499999999800e+03 8.447461499999999432e+03 1.756333661523062570e-02
2.155295900000000074e+03 8.375372999999999593e+03 1.768894014593858435e-02
2.158182699999999841e+03 8.329498499999999694e+03 1.770104342490922203e-02
2.161068000000000211e+03 8.526103499999999258e+03 1.751031954658465936e-02
2.163951599999999871e+03 8.473675499999999374e+03 1.757518372390676903e-02
2.166833700000000135e+03 8.512996499999999287e+03 1.752793852090271665e-02
2.169714300000000094e+03 8.342605499999999665e+03 1.769498868095753519e-02
2.172593199999999797e+03 8.493335999999999331e+03 1.755742203799093293e-02
2.175470600000000104e+03 8.512996499999999287e+03 1.753382334179066915e-02
2.178346399999999903e+03 8.473675499999999374e+03 1.757518372390676903e-02
2.181220699999999852e+03 8.381926500000001397e+03 1.767083168855985292e-02
2.184093299999999999e+03 8.408140499999999520e+03 1.760490670087292917e-02
2.186964500000000044e+03 8.342605499999999665e+03 1.770104342490922203e-02
2.189833999999999833e+03 8.375372999999999593e+03 1.767083168855985292e-02
2.192702000000000226e+03 8.362265999999999622e+03 1.765879023456284197e-02
2.195568400000000111e+03 8.329498499999999694e+03 1.771317158215598639e-02
2.198433300000000145e+03 8.303284499999999753e+03 1.775581728483387536e-02
2.201296600000000126e+03 8.277070499999999811e+03 1.776805845642568868e-02
2.204158300000000054e+03 8.290177499999999782e+03 1.774970617906524925e-02
2.207018500000000131e+03 8.349159000000001470e+03 1.768894014593858435e-02
2.209877199999999903e+03 8.218088999999999942e+03 1.779261694562620302e-02
2.212734199999999873e+03 8.283624000000001615e+03 1.774360137882308869e-02
2.215589800000000196e+03 8.355712499999999636e+03 1.770104342490922203e-02
2.218443699999999808e+03 8.257409999999999854e+03 1.777418854405207055e-02
2.221296200000000226e+03 8.355712499999999636e+03 1.768289780924788696e-02
2.224146999999999935e+03 8.329498499999999694e+03 1.769498868095753519e-02
2.226996299999999792e+03 8.355712499999999636e+03 1.768894014593858435e-02
2.229844099999999798e+03 8.434354500000001281e+03 1.760490670087292917e-02
2.232690300000000207e+03 8.355712499999999636e+03 1.767083168855985292e-02
2.235534999999999854e+03 8.499889500000001135e+03 1.755151343205616291e-02
2.238378099999999904e+03 8.473675499999999374e+03 1.757518372390676903e-02
2.241219700000000103e+03 8.506442999999999302e+03 1.751618663321155220e-02
2.244059699999999793e+03 8.532657000000001062e+03 1.749275359712379810e-02
2.246898200000000088e+03 8.473675499999999374e+03 1.754561078738543084e-02
2.249735200000000077e+03 8.539210499999999229e+03 1.748691001800730532e-02
2.252570600000000013e+03 8.460568499999999403e+03 1.756333661523062570e-02
2.255404500000000098e+03 8.480228999999999360e+03 1.751618663321155220e-02
2.258236800000000130e+03 8.460568499999999403e+03 1.756925717383979110e-02
2.261067599999999857e+03 8.526103499999999258e+03 1.751618663321155220e-02
2.263896799999999985e+03 8.532657000000001062e+03 1.752793852090271665e-02
2.266724600000000009e+03 8.401587000000001353e+03 1.762879396654220415e-02
2.269550799999999981e+03 8.539210499999999229e+03 1.750445835159314747e-02
2.272375399999999900e+03 8.506442999999999302e+03 1.754561078738543084e-02
2.275198499999999967e+03 8.565424500000000990e+03 1.747524040708602067e-02
2.278020100000000184e+03 8.545763999999999214e+03 1.748691001800730532e-02
2.280840200000000095e+03 8.591638499999999112e+03 1.742879450327400326e-02
2.283658699999999953e+03 8.565424500000000990e+03 1.748107229124873374e-02
2.286475699999999961e+03 8.506442999999999302e+03 1.749860303838313494e-02
2.289291200000000117e+03 8.512996499999999287e+03 1.751618663321155220e-02
2.292105199999999968e+03 8.558870999999999185e+03 1.746359412761375879e-02
2.294917600000000220e+03 8.611298999999999069e+03 1.740570999711212388e-02
2.297728500000000167e+03 8.617852500000000873e+03 1.739995318862090634e-02
2.300537899999999809e+03 8.644066499999998996e+03 1.737698294337394755e-02
2.303345699999999852e+03 8.650620000000000800e+03 1.735981483484185309e-02
2.306152099999999791e+03 8.617852500000000873e+03 1.739420208841799265e-02
2.308956900000000132e+03 8.650620000000000800e+03 1.738845668707598296e-02
2.311760200000000168e+03 8.716155000000000655e+03 1.730295318573127350e-02
2.314561999999999898e+03 8.716155000000000655e+03 1.733131405247053530e-02
2.317362200000000030e+03 8.644066499999998996e+03 1.735410342990528418e-02
2.320161000000000058e+03 8.670280500000000757e+03 1.734839765844417223e-02
2.322958200000000033e+03 8.709601499999998850e+03 1.734269751120358360e-02
2.325753999999999905e+03 8.585085000000000946e+03 1.742301476691766882e-02
2.328548200000000179e+03 8.703048000000000684e+03 1.731428081587142037e-02
2.331340900000000147e+03 8.578531499999999141e+03 1.741724077677836088e-02
2.334132099999999809e+03 8.532657000000001062e+03 1.749275359712379810e-02
2.336921800000000076e+03 8.565424500000000990e+03 1.746359412761375879e-02
2.339709899999999834e+03 8.552317500000001019e+03 1.747524040708602067e-02
2.342496599999999944e+03 8.486782500000001164e+03 1.753971409396150316e-02
2.345281800000000203e+03 8.427800999999999476e+03 1.756333661523062570e-02
2.348065399999999954e+03 8.486782500000001164e+03 1.751618663321155220e-02
2.350847600000000057e+03 8.552317500000001019e+03 1.745777971289371247e-02
2.353628200000000106e+03 8.519550000000001091e+03 1.749860303838313494e-02
2.356407400000000052e+03 8.467122000000001208e+03 1.755151343205616291e-02
2.359184999999999945e+03 8.460568499999999403e+03 1.753382334179066915e-02
2.361961099999999988e+03 8.545763999999999214e+03 1.742879450327400326e-02
2.364735799999999927e+03 8.493335999999999331e+03 1.749860303838313494e-02
2.367508899999999812e+03 8.565424500000000990e+03 1.744037125280907194e-02
2.370280600000000049e+03 8.630959500000000844e+03 1.738845668707598296e-02
2.373050799999999981e+03 8.617852500000000873e+03 1.737125458226778524e-02
2.375819399999999860e+03 8.578531499999999141e+03 1.743457999538464837e-02
2.378586600000000089e+03 8.696494500000000698e+03 1.729729770161689620e-02
2.381352300000000014e+03 8.670280500000000757e+03 1.734269751120358360e-02
2.384116399999999885e+03 8.630959500000000844e+03 1.737698294337394755e-02
2.386879100000000108e+03 8.611298999999999069e+03 1.738271697518926559e-02
2.389640300000000025e+03 8.696494500000000698e+03 1.731428081587142037e-02
2.392400099999999838e+03 8.644066499999998996e+03 1.735981483484185309e-02
2.395158300000000054e+03 8.670280500000000757e+03 1.733700297894984893e-02
2.397914999999999964e+03 8.689940999999998894e+03 1.733700297894984893e-02
2.400670300000000225e+03 8.558870999999999185e+03 1.742879450327400326e-02
2.403424100000000180e+03 8.630959500000000844e+03 1.737698294337394755e-02
2.406176300000000083e+03 8.696494500000000698e+03 1.731428081587142037e-02
2.408927099999999882e+03 8.539210499999999229e+03 1.746359412761375879e-02
2.411676500000000033e+03 8.709601499999998850e+03 1.729164775937843193e-02
2.414424300000000130e+03 8.657173499999998967e+03 1.735981483484185309e-02
2.417170700000000124e+03 8.624405999999999040e+03 1.739420208841799265e-02
2.419915599999999813e+03 8.722708500000000640e+03 1.730861422078728076e-02
2.422659000000000106e+03 8.670280500000000757e+03 1.734269751120358360e-02
2.425400900000000092e+03 8.617852500000000873e+03 1.738845668707598296e-02
2.428141399999999976e+03 8.696494500000000698e+03 1.733131405247053530e-02
2.430880299999999806e+03 8.598192000000000917e+03 1.740570999711212388e-02
2.433617799999999988e+03 8.696494500000000698e+03 1.730861422078728076e-02
2.436353900000000067e+03 8.709601499999998850e+03 1.730295318573127350e-02
2.439088400000000092e+03 8.676833999999998923e+03 1.733131405247053530e-02
2.441821500000000015e+03 8.794797000000000480e+03 1.721869873351954822e-02
2.444553199999999833e+03 8.742368999999998778e+03 1.725786398026370877e-02
2.447283300000000054e+03 8.755476000000000568e+03 1.725225257904879073e-02
2.450012000000000171e+03 8.768583000000000538e+03 1.721869873351954822e-02
2.452739199999999983e+03 8.853778500000000349e+03 1.714666524519446039e-02
2.455465000000000146e+03 8.886546000000000276e+03 1.713017013291530388e-02
2.458189300000000003e+03 8.873439000000000306e+03 1.714116158103561049e-02
2.460912100000000009e+03 8.899653000000000247e+03 1.710825052044001246e-02
2.463633499999999913e+03 8.860331999999998516e+03 1.713566321310552518e-02
2.466353399999999965e+03 8.853778500000000349e+03 1.716873303456505073e-02
2.469071800000000167e+03 8.860331999999998516e+03 1.714666524519446039e-02
2.471788799999999810e+03 8.775136499999998705e+03 1.722427744700903707e-02
2.474504300000000057e+03 8.742368999999998778e+03 1.726910322859296146e-02
2.477218400000000202e+03 8.709601499999998850e+03 1.713017013291530388e-02
2.479931000000000040e+03 8.762029500000000553e+03 1.725786398026370877e-02
2.482642100000000028e+03 8.663727000000000771e+03 1.733131405247053530e-02
2.485351799999999912e+03 8.722708500000000640e+03 1.728036446436985452e-02
2.488060100000000148e+03 8.683387500000000728e+03 1.730861422078728076e-02
2.490766900000000078e+03 8.585085000000000946e+03 1.739420208841799265e-02
2.493472200000000157e+03 8.611298999999999069e+03 1.738271697518926559e-02
2.496176100000000133e+03 8.650620000000000800e+03 1.734839765844417223e-02
2.498878499999999804e+03 8.624405999999999040e+03 1.737698294337394755e-02
2.501579499999999825e+03 8.565424500000000990e+03 1.743457999538464837e-02
2.504279100000000199e+03 8.604745500000000902e+03 1.738271697518926559e-02
2.506977199999999812e+03 8.532657000000001062e+03 1.744616828512898093e-02
2.509673800000000028e+03 8.624405999999999040e+03 1.736553188253012886e-02
2.512369000000000142e+03 8.735815500000000611e+03 1.729164775937843193e-02
2.515062800000000152e+03 8.630959500000000844e+03 1.734839765844417223e-02
2.517755099999999857e+03 8.683387500000000728e+03 1.731995298009102527e-02
2.520445999999999913e+03 8.637513000000000829e+03 1.713566321310552518e-02
2.523135400000000118e+03 8.657173499999998967e+03 1.732563072257433182e-02
2.525823400000000220e+03 8.637513000000000829e+03 1.734839765844417223e-02
2.528510000000000218e+03 8.663727000000000771e+03 1.728600334997086943e-02
2.531195099999999911e+03 8.663727000000000771e+03 1.731995298009102527e-02
2.533878799999999956e+03 8.683387500000000728e+03 1.731428081587142037e-02
2.536561000000000149e+03 8.696494500000000698e+03 1.729729770161689620e-02
2.539241799999999785e+03 8.552317500000001019e+03 1.743457999538464837e-02
2.541921200000000226e+03 8.624405999999999040e+03 1.735981483484185309e-02
2.544599099999999908e+03 8.663727000000000771e+03 1.734839765844417223e-02
2.547275700000000143e+03 8.480228999999999360e+03 1.749275359712379810e-02
2.549950699999999870e+03 8.552317500000001019e+03 1.744616828512898093e-02
2.552624400000000151e+03 8.434354500000001281e+03 1.755151343205616291e-02
2.555296600000000126e+03 8.480228999999999360e+03 1.750445835159314747e-02
2.557967399999999998e+03 8.486782500000001164e+03 1.748107229124873374e-02
2.560636800000000221e+03 8.421247499999999491e+03 1.756333661523062570e-02
2.563304700000000139e+03 8.440907999999999447e+03 1.754561078738543084e-02
2.565971199999999953e+03 8.375372999999999593e+03 1.759299942409581555e-02
2.568636300000000119e+03 8.388479999999999563e+03 1.759299942409581555e-02
2.571300000000000182e+03 8.349159000000001470e+03 1.764077412012780496e-02
2.573962199999999939e+03 8.381926500000001397e+03 1.759895004135514363e-02
2.576623000000000047e+03 8.408140499999999520e+03 1.752793852090271665e-02
2.579282400000000052e+03 8.362265999999999622e+03 1.761086941288162247e-02
2.581940399999999954e+03 8.231195999999999913e+03 1.773750287327130123e-02
2.584596900000000005e+03 8.434354500000001281e+03 1.754561078738543084e-02
2.587252100000000155e+03 8.362265999999999622e+03 1.761086941288162247e-02
2.589905799999999999e+03 8.355712499999999636e+03 1.759895004135514363e-02
2.592558100000000195e+03 8.414693999999999505e+03 1.753971409396150316e-02
2.595208999999999833e+03 8.368819500000001426e+03 1.756925717383979110e-02
2.597858499999999822e+03 8.381926500000001397e+03 1.759299942409581555e-02
2.600506499999999960e+03 8.401587000000001353e+03 1.756925717383979110e-02
2.603153200000000197e+03 8.532657000000001062e+03 1.715217421409007820e-02
2.605798400000000129e+03 8.460568499999999403e+03 1.752205962135083839e-02
2.608442300000000159e+03 8.414693999999999505e+03 1.755151343205616291e-02
2.611084699999999884e+03 8.395033499999999549e+03 1.759299942409581555e-02
2.613725699999999961e+03 8.388479999999999563e+03 1.757518372390676903e-02
2.616365299999999934e+03 8.401587000000001353e+03 1.755151343205616291e-02
2.619003499999999804e+03 8.329498499999999694e+03 1.764077412012780496e-02
2.621640300000000025e+03 8.231195999999999913e+03 1.774360137882308869e-02
2.624275700000000143e+03 8.362265999999999622e+03 1.762879396654220415e-02
2.626909700000000157e+03 8.257409999999999854e+03 1.773750287327130123e-02
2.629542199999999866e+03 8.263963499999999840e+03 1.773750287327130123e-02
2.632173400000000129e+03 8.087018999999999323e+03 1.787314094980646528e-02
2.634803199999999833e+03 8.087018999999999323e+03 1.787938048253268769e-02
2.637431599999999889e+03 7.982163000000000466e+03 1.801193904590518355e-02
2.640058599999999842e+03 8.014930500000000393e+03 1.795476822581907467e-02
2.642684099999999944e+03 7.942842000000000553e+03 1.803111769096117645e-02
2.645308300000000145e+03 7.962502499999999600e+03 1.803111769096117645e-02
2.647931099999999788e+03 7.910074499999999716e+03 1.808256178320689911e-02
2.650552499999999782e+03 7.890413999999999760e+03 1.810844950123417785e-02
2.653172500000000127e+03 7.864199999999999818e+03 1.810196714931670142e-02
2.655791099999999915e+03 7.857646500000000742e+03 1.809549175395683621e-02
2.658408300000000054e+03 7.785557999999999993e+03 1.823295270103498719e-02
2.661024100000000089e+03 7.851092999999999847e+03 1.814749040066887184e-02
2.663638500000000022e+03 7.877306999999999789e+03 1.809549175395683621e-02
2.666251600000000053e+03 7.798664999999999964e+03 1.819335883736622819e-02
2.668863199999999779e+03 7.896967499999999745e+03 1.808902330272104536e-02
2.671473500000000058e+03 7.837985999999999876e+03 1.814096604654800993e-02
2.674082399999999780e+03 7.772451000000000022e+03 1.822633577006003633e-02
2.676689800000000105e+03 7.857646500000000742e+03 1.811493882217397183e-02
2.679295999999999822e+03 7.824879000000000815e+03 1.816710578063461534e-02
2.681900700000000143e+03 7.870753499999999804e+03 1.813444872424443272e-02
2.684503999999999905e+03 7.890413999999999760e+03 1.810844950123417785e-02
2.687105900000000020e+03 7.831432499999999891e+03 1.817365838888398630e-02
2.689706499999999778e+03 7.844539499999999862e+03 1.816710578063461534e-02
2.692305699999999888e+03 7.910074499999999716e+03 1.806321869143419703e-02
2.694903499999999894e+03 7.759344000000000051e+03 1.823957684392420869e-02
2.697499899999999798e+03 7.811771999999999935e+03 1.820652811801744264e-02
2.700094999999999800e+03 7.779004500000000007e+03 1.822633577006003633e-02
2.702688700000000154e+03 7.792111499999999978e+03 1.823295270103498719e-02
2.705280999999999949e+03 7.674148499999999331e+03 1.835330353039881651e-02
2.707871900000000096e+03 7.733129999999999200e+03 1.827947388797307796e-02
2.710461400000000140e+03 7.680702000000000226e+03 1.834655475152368459e-02
2.713049599999999828e+03 7.674148499999999331e+03 1.835330353039881651e-02
2.715636399999999867e+03 7.628274000000000342e+03 1.841437958450250351e-02
2.718221799999999803e+03 7.608613499999999476e+03 1.841437958450250351e-02
2.720805899999999838e+03 7.602060000000000400e+03 1.842803504027941755e-02
2.723388600000000224e+03 7.602060000000000400e+03 1.844172092039850219e-02
2.725969900000000052e+03 7.595506500000000415e+03 1.846230703388184249e-02
2.728549899999999980e+03 7.608613499999999476e+03 1.842803504027941755e-02
2.731128400000000056e+03 7.641380999999999403e+03 1.840075444051004691e-02
2.733705699999999979e+03 7.615166999999999462e+03 1.842803504027941755e-02
2.736281500000000051e+03 7.687255500000000211e+03 1.833307949832738148e-02
2.738856000000000222e+03 7.726576500000000124e+03 1.830621782895743704e-02
2.741429099999999835e+03 7.720023000000000138e+03 1.806321869143419703e-02
2.744000900000000001e+03 7.693809000000000196e+03 1.834655475152368459e-02
2.746571300000000065e+03 7.720023000000000138e+03 1.829952084031958789e-02
2.749140300000000025e+03 7.779004500000000007e+03 1.824620821183788044e-02
2.751708000000000084e+03 7.785557999999999993e+03 1.824620821183788044e-02
2.754274300000000039e+03 7.733129999999999200e+03 1.829283119621364501e-02
2.756839300000000094e+03 7.811771999999999935e+03 1.820652811801744264e-02
2.759402900000000045e+03 7.726576500000000124e+03 1.829952084031958789e-02
2.761965200000000095e+03 7.759344000000000051e+03 1.822633577006003633e-02
2.764525999999999840e+03 7.857646500000000742e+03 1.817365838888398630e-02
2.767085599999999886e+03 7.687255500000000211e+03 1.831963389365960648e-02
2.769643799999999828e+03 7.674148499999999331e+03 1.836005976237086237e-02
2.772200600000000122e+03 7.647934500000000298e+03 1.840075444051004691e-02
2.774756100000000060e+03 7.752790500000000065e+03 1.827947388797307796e-02
2.777310199999999895e+03 7.628274000000000342e+03 1.840756323054529298e-02
2.779862999999999829e+03 7.562739000000000487e+03 1.848986273135676262e-02
2.782414400000000114e+03 7.595506500000000415e+03 1.846230703388184249e-02
2.784964500000000044e+03 7.516864499999999680e+03 1.853838354172254732e-02
2.787513199999999870e+03 7.497203999999999724e+03 1.855929543053892739e-02
2.790060599999999795e+03 7.516864499999999680e+03 1.854534631512926718e-02
2.792606699999999819e+03 7.484096999999999753e+03 1.859430639436930599e-02
2.795151400000000194e+03 7.516864499999999680e+03 1.853142860486486562e-02
2.797694700000000012e+03 7.457882999999999811e+03 1.860133239363548699e-02
2.800236699999999928e+03 7.457882999999999811e+03 1.859430639436930599e-02
2.802777399999999943e+03 7.392347999999999956e+03 1.867203326572616090e-02
2.805316699999999855e+03 7.503757500000000618e+03 1.851061066688906159e-02
2.807854699999999866e+03 7.353027000000000044e+03 1.870768736209773783e-02
2.810391299999999774e+03 7.484096999999999753e+03 1.853838354172254732e-02
2.812926599999999780e+03 7.556185499999999593e+03 1.850368692972263404e-02
2.815460599999999886e+03 7.543078499999999622e+03 1.850368692972263404e-02
2.817993199999999888e+03 7.562739000000000487e+03 1.846918440682809859e-02
2.820524499999999989e+03 7.516864499999999680e+03 1.853142860486486562e-02
2.823054500000000189e+03 7.602060000000000400e+03 1.841437958450250351e-02
2.825583099999999831e+03 7.556185499999999593e+03 1.848296224119990241e-02
2.828110400000000027e+03 7.680702000000000226e+03 1.834655475152368459e-02
2.830636399999999867e+03 7.588953000000000429e+03 1.842803504027941755e-02
2.833161000000000058e+03 7.621720500000000357e+03 1.838715949632643842e-02
2.835684299999999894e+03 7.556185499999999593e+03 1.848986273135676262e-02
2.838206299999999828e+03 7.674148499999999331e+03 1.833981341205247542e-02
2.840726900000000114e+03 7.628274000000000342e+03 1.840075444051004691e-02
2.843246200000000044e+03 7.628274000000000342e+03 1.840075444051004691e-02
2.845764200000000073e+03 7.602060000000000400e+03 1.844857530492078138e-02
2.848280900000000202e+03 7.562739000000000487e+03 1.847606947115181669e-02
2.850796200000000226e+03 7.516864499999999680e+03 1.851061066688906159e-02
2.853310199999999895e+03 7.588953000000000429e+03 1.844857530492078138e-02
2.855822900000000118e+03 7.470990000000000691e+03 1.856628180211351495e-02
2.858334199999999782e+03 7.549631999999999607e+03 1.850368692972263404e-02
2.860844300000000203e+03 7.477543499999999767e+03 1.858027824722393792e-02
2.863353000000000065e+03 7.516864499999999680e+03 1.852448148986727411e-02
2.865860400000000027e+03 7.464436499999999796e+03 1.860836636340613276e-02
2.868366399999999885e+03 7.484096999999999753e+03 1.858728835056605924e-02
2.870871200000000044e+03 7.431668999999999869e+03 1.860836636340613276e-02
2.873374600000000100e+03 7.470990000000000691e+03 1.858027824722393792e-02
2.875876699999999801e+03 7.490650499999999738e+03 1.856628180211351495e-02
2.878377500000000055e+03 7.353027000000000044e+03 1.872200629826382273e-02
2.880876999999999953e+03 7.464436499999999796e+03 1.858027824722393792e-02
2.883375199999999950e+03 7.490650499999999738e+03 1.854534631512926718e-02
2.885872100000000046e+03 7.425115499999999884e+03 1.864365629907653241e-02
2.888367600000000039e+03 7.444776000000000749e+03 1.859430639436930599e-02
2.890861800000000130e+03 7.523417999999999665e+03 1.850368692972263404e-02
2.893354800000000068e+03 7.569292500000000473e+03 1.845543733800350181e-02
2.895846399999999903e+03 7.484096999999999753e+03 1.856628180211351495e-02
2.898336699999999837e+03 7.529971500000000560e+03 1.848986273135676262e-02
2.900825699999999870e+03 7.595506500000000415e+03 1.842803504027941755e-02
2.903313400000000001e+03 7.634827500000000327e+03 1.838715949632643842e-02
2.905799700000000030e+03 7.680702000000000226e+03 1.833307949832738148e-02
2.908284799999999905e+03 7.582399499999999534e+03 1.844172092039850219e-02
2.910768599999999878e+03 7.720023000000000138e+03 1.826614579732901283e-02
2.913251000000000204e+03 7.556185499999999593e+03 1.845543733800350181e-02
2.915732199999999921e+03 7.667595000000000255e+03 1.830621782895743704e-02
2.918212100000000191e+03 7.595506500000000415e+03 1.841437958450250351e-02
2.920690599999999904e+03 7.575845999999999549e+03 1.840756323054529298e-02
2.923167899999999918e+03 7.516864499999999680e+03 1.851061066688906159e-02
2.925643799999999828e+03 7.490650499999999738e+03 1.853838354172254732e-02
2.928118500000000040e+03 7.543078499999999622e+03 1.849677095604441296e-02
2.930591800000000148e+03 7.464436499999999796e+03 1.855231693981260199e-02
2.933063900000000103e+03 7.464436499999999796e+03 1.858027824722393792e-02
2.935534700000000157e+03 7.470990000000000691e+03 1.859430639436930599e-02
2.938004100000000108e+03 7.221957000000000335e+03 1.885237387438120152e-02
2.940472299999999905e+03 7.241617500000000291e+03 1.883045674950449902e-02
2.942939199999999801e+03 7.182636000000000422e+03 1.891119577667743287e-02
2.945404700000000048e+03 7.176082500000000437e+03 1.892598748466956665e-02
2.947869000000000142e+03 7.136761499999999614e+03 1.897803311912817439e-02
2.950331999999999880e+03 6.986030999999999949e+03 1.916747715528334048e-02
2.952793700000000172e+03 7.097440499999999702e+03 1.900796694391270608e-02
2.955254199999999855e+03 7.071226499999999760e+03 1.903051049831967767e-02
2.957713299999999890e+03 7.051565999999999804e+03 1.906069372188322689e-02
2.960171100000000024e+03 6.959817000000000007e+03 1.915211244166761459e-02
2.962627700000000004e+03 7.090887000000000626e+03 1.900796694391270608e-02
2.965082899999999881e+03 7.064673000000000684e+03 1.905313445380013571e-02
2.967536900000000060e+03 7.051565999999999804e+03 1.906069372188322689e-02
2.969989599999999882e+03 7.084333499999999731e+03 1.903051049831967767e-02
2.972440999999999804e+03 7.051565999999999804e+03 1.904558417236484891e-02
2.974891099999999824e+03 7.077779999999999745e+03 1.901547255800340591e-02
2.977340000000000146e+03 7.005691499999999905e+03 1.906826199445539258e-02
2.979787499999999909e+03 7.005691499999999905e+03 1.910623905258081179e-02
2.982233799999999974e+03 6.986030999999999949e+03 1.914444392787003832e-02
2.984678800000000138e+03 6.992584499999999935e+03 1.912149353728833864e-02
2.987122499999999945e+03 6.972923999999999978e+03 1.915979017797187628e-02
2.989565000000000055e+03 6.815639999999999418e+03 1.937064402436750390e-02
2.992006100000000060e+03 6.828747000000000298e+03 1.937064402436750390e-02
2.994445999999999913e+03 6.782872499999999491e+03 1.944249087979666932e-02
2.996884599999999864e+03 6.671462999999999738e+03 1.951514316446405217e-02
2.999322000000000116e+03 6.678016500000000633e+03 1.956403295255452687e-02
3.001757999999999811e+03 6.612481499999999869e+03 1.963806151074124970e-02
3.004192799999999806e+03 6.592820999999999913e+03 1.963806151074124970e-02
3.006626299999999901e+03 6.448644000000000233e+03 1.984819012851561301e-02
3.009058500000000095e+03 6.527286000000000058e+03 1.974649079083976022e-02
3.011489500000000135e+03 6.435536999999999352e+03 1.988244069778515727e-02
3.013919199999999819e+03 6.376555499999999483e+03 1.996015737463690751e-02
3.016347600000000057e+03 6.337234499999999571e+03 2.000372904267272781e-02
3.018774800000000141e+03 6.376555499999999483e+03 1.992550429750476748e-02
3.021200699999999870e+03 6.402769499999999425e+03 1.990824530396950731e-02
3.023625300000000152e+03 6.284806499999999687e+03 2.005639362448962543e-02
3.026048699999999826e+03 6.343787999999999556e+03 1.997755185059562830e-02
3.028470800000000054e+03 6.389662500000000364e+03 1.989963260821537433e-02
3.030891599999999926e+03 6.376555499999999483e+03 1.996884893062236474e-02
3.033311200000000099e+03 6.370001999999999498e+03 1.997755185059562830e-02
3.035729499999999916e+03 6.415876500000000306e+03 1.987386143494870860e-02
3.038146499999999833e+03 6.304466999999999643e+03 2.008288237953880298e-02
3.040562300000000050e+03 6.219271499999999833e+03 2.018091345071923448e-02
3.042976799999999912e+03 6.219271499999999833e+03 2.018091345071923448e-02
3.045389999999999873e+03 6.140629500000000007e+03 2.028039424534282265e-02
3.047802000000000135e+03 6.075094500000000153e+03 2.043707310322008530e-02
3.050212799999999788e+03 6.016113000000000284e+03 2.050265177816129603e-02
3.052622199999999793e+03 5.904703499999999622e+03 2.067422507714656785e-02
3.055030499999999847e+03 5.891596499999999651e+03 2.072265387406562603e-02
3.057437399999999798e+03 5.806400999999999840e+03 2.079102953811706039e-02
3.059843199999999797e+03 5.786740499999999884e+03 2.087994382634508761e-02
3.062247600000000148e+03 5.642563499999999294e+03 2.077142460255654993e-02
3.064650799999999890e+03 5.655670500000000175e+03 2.111245581536841734e-02
3.067052799999999934e+03 5.583581999999999425e+03 2.120557663107229887e-02
3.069453500000000076e+03 5.609795999999999367e+03 2.118477664898881646e-02
3.071852899999999863e+03 5.609795999999999367e+03 2.115369111991953141e-02
3.074251099999999951e+03 5.544260999999999513e+03 2.126834611211590037e-02
3.076648000000000138e+03 5.504940000000000509e+03 2.135291243421374302e-02
3.079043700000000172e+03 5.504940000000000509e+03 2.135291243421374302e-02
3.081438200000000052e+03 5.452511999999999716e+03 2.144926600051144314e-02
3.083831400000000031e+03 5.354209499999999935e+03 2.162383055582286009e-02
3.086223399999999856e+03 5.308335000000000036e+03 2.170155445924140322e-02
3.088614099999999780e+03 5.262460500000000138e+03 2.176884626247490434e-02
3.091003499999999804e+03 5.157604500000000371e+03 2.197454071804173445e-02
3.093391799999999876e+03 4.967553000000000793e+03 2.237952567584515842e-02
3.095778699999999844e+03 4.875803999999999178e+03 2.257801759474886011e-02
3.098164499999999862e+03 4.810269000000000233e+03 2.267926481827910179e-02
3.100548999999999978e+03 4.738180500000000393e+03 2.287283246625987018e-02
3.102932200000000194e+03 4.607110499999999774e+03 2.312528496669311387e-02
3.105314199999999801e+03 4.692305999999999585e+03 2.297811648625560157e-02
3.107695000000000164e+03 4.613664000000000669e+03 2.311178903034276019e-02
3.110074500000000171e+03 4.639877999999999702e+03 2.305804061100358987e-02
3.112452800000000025e+03 4.561235999999999876e+03 2.319312109060557570e-02
3.114829900000000180e+03 4.554682500000000800e+03 2.326155771350531254e-02
3.117205699999999979e+03 4.449826500000000124e+03 2.348469527008571409e-02
3.119580300000000079e+03 4.384291500000000269e+03 2.365632748235007438e-02
3.121953700000000026e+03 4.200793500000000677e+03 2.410243202603548282e-02
3.124325800000000072e+03 4.141812000000000808e+03 2.425683739775227193e-02
3.126696699999999964e+03 4.043509499999999662e+03 2.451017938675123520e-02
3.129066299999999956e+03 4.023849000000000160e+03 2.457476495164537950e-02
3.131434699999999793e+03 4.004188500000000204e+03 2.463986378080167822e-02
3.133801899999999932e+03 4.036956000000000131e+03 2.457476495164537950e-02
3.136167899999999918e+03 3.991081500000000233e+03 2.460724978400466445e-02
3.138532600000000002e+03 4.010741999999999734e+03 2.462354058339518217e-02
3.140896099999999933e+03 3.958314000000000306e+03 2.480490155182688006e-02
3.143258400000000165e+03 3.833797500000000127e+03 2.512782924611517074e-02
3.145619400000000041e+03 3.722388000000000375e+03 2.542771567475712174e-02
3.147979299999999967e+03 3.643745999999999640e+03 2.573860184698211623e-02
3.150337899999999991e+03 3.689620499999999993e+03 2.560921487819368264e-02
3.152695200000000114e+03 3.728941499999999905e+03 2.546370679775991283e-02
3.155051399999999830e+03 3.722388000000000375e+03 2.544569214619636990e-02
3.157406300000000101e+03 3.676513500000000022e+03 2.568291061292933899e-02
3.159760000000000218e+03 3.584764499999999771e+03 2.596504552192542212e-02
3.162112500000000182e+03 3.584764499999999771e+03 2.592688966659871877e-02
3.164463799999999992e+03 3.545443500000000313e+03 2.606117708184977830e-02
3.166813799999999901e+03 3.597871499999999742e+03 2.594594655242534603e-02
3.169162600000000111e+03 3.519229499999999916e+03 2.617795665292259322e-02
3.171510200000000168e+03 3.414373500000000149e+03 2.653794545699226376e-02
3.173856600000000071e+03 3.447141000000000076e+03 2.647691522183919996e-02
3.176201799999999821e+03 3.512675999999999931e+03 2.623693822972709630e-02
3.178545700000000124e+03 3.519229499999999916e+03 2.617795665292259322e-02
