-3.075250000000000128e+01 1.376234999999999786e+02 4.934521560054553474e-02
-2.660050000000000026e+01 1.376234999999999786e+02 4.934521560054553474e-02
-2.245090000000000074e+01 1.376234999999999786e+02 4.934521560054553474e-02
-1.830389999999999873e+01 1.376234999999999786e+02 4.934521560054553474e-02
-1.415949999999999953e+01 1.376234999999999786e+02 4.934521560054553474e-02
-1.001759999999999984e+01 1.376234999999999786e+02 4.934521560054553474e-02
-5.878199999999999648e+00 1.376234999999999786e+02 4.934521560054553474e-02
-1.741400000000000059e+00 1.376234999999999786e+02 4.934521560054553474e-02
2.392900000000000027e+00 1.376234999999999786e+02 4.934521560054553474e-02
6.524700000000000166e+00 1.376234999999999786e+02 4.934521560054553474e-02
1.065390000000000015e+01 1.376234999999999786e+02 4.934521560054553474e-02
1.478059999999999974e+01 1.376234999999999786e+02 4.934521560054553474e-02
1.890480000000000160e+01 1.376234999999999786e+02 4.934521560054553474e-02
2.302649999999999864e+01 1.376234999999999786e+02 4.934521560054553474e-02
2.714560000000000173e+01 1.376234999999999786e+02 4.934521560054553474e-02
3.126219999999999999e+01 1.376234999999999786e+02 4.934521560054553474e-02
3.537639999999999674e+01 1.376234999999999786e+02 4.934521560054553474e-02
3.948790000000000333e+01 1.376234999999999786e+02 4.934521560054553474e-02
4.359700000000000131e+01 1.376234999999999786e+02 4.934521560054553474e-02
4.770360000000000156e+01 1.376234999999999786e+02 4.934521560054553474e-02
5.180769999999999698e+01 1.376234999999999786e+02 4.934521560054553474e-02
5.590919999999999845e+01 1.376234999999999786e+02 4.934521560054553474e-02
6.000829999999999842e+01 1.376234999999999786e+02 4.934521560054553474e-02
6.410479999999999734e+01 1.376234999999999786e+02 4.934521560054553474e-02
6.819889999999999475e+01 1.376234999999999786e+02 4.934521560054553474e-02
7.229040000000000532e+01 1.376234999999999786e+02 4.934521560054553474e-02
7.637949999999999307e+01 1.376234999999999786e+02 4.934521560054553474e-02
8.046609999999999729e+01 1.376234999999999786e+02 4.934521560054553474e-02
8.455010000000000048e+01 1.376234999999999786e+02 4.934521560054553474e-02
8.863169999999999504e+01 1.376234999999999786e+02 4.934521560054553474e-02
9.271080000000000609e+01 1.376234999999999786e+02 4.934521560054553474e-02
9.678740000000000521e+01 1.376234999999999786e+02 4.934521560054553474e-02
1.008615999999999957e+02 1.376234999999999786e+02 4.934521560054553474e-02
1.049331999999999994e+02 1.376234999999999786e+02 4.934521560054553474e-02
1.090023999999999944e+02 1.376234999999999786e+02 4.934521560054553474e-02
1.130691000000000059e+02 1.376234999999999786e+02 4.934521560054553474e-02
1.171333000000000055e+02 1.376234999999999786e+02 4.934521560054553474e-02
1.211949999999999932e+02 1.376234999999999786e+02 4.934521560054553474e-02
1.252543000000000006e+02 1.376234999999999786e+02 4.934521560054553474e-02
1.293111000000000104e+02 1.376234999999999786e+02 4.934521560054553474e-02
1.333653999999999940e+02 1.376234999999999786e+02 4.934521560054553474e-02
1.374173000000000116e+02 1.376234999999999786e+02 4.934521560054553474e-02
1.414667000000000030e+02 1.376234999999999786e+02 4.934521560054553474e-02
1.455137000000000000e+02 1.376234999999999786e+02 4.934521560054553474e-02
1.495581999999999994e+02 1.376234999999999786e+02 4.934521560054553474e-02
1.536002000000000010e+02 1.376234999999999786e+02 4.934521560054553474e-02
1.576398000000000081e+02 1.376234999999999786e+02 4.934521560054553474e-02
1.616768999999999892e+02 1.376234999999999786e+02 4.934521560054553474e-02
1.657116000000000042e+02 1.376234999999999786e+02 4.934521560054553474e-02
1.697437999999999931e+02 1.376234999999999786e+02 4.934521560054553474e-02
1.737735999999999876e+02 1.376234999999999786e+02 4.934521560054553474e-02
1.778009000000000128e+02 1.376234999999999786e+02 4.934521560054553474e-02
1.818257999999999868e+02 1.048560000000000088e+02 5.057052473045308555e-02
1.858481999999999914e+02 2.228189999999999884e+02 4.895615395384239621e-02
1.898683000000000050e+02 2.228189999999999884e+02 4.895615395384239621e-02
1.938857999999999890e+02 9.830250000000000909e+01 5.235591330584518643e-02
1.979010000000000105e+02 1.507305000000000064e+02 5.173993994377396738e-02
2.019137000000000057e+02 9.174899999999999523e+01 5.158931388924774264e-02
2.059240000000000066e+02 2.162655000000000030e+02 4.960980310365376011e-02
2.099318000000000097e+02 1.638375000000000057e+02 5.189189310485069206e-02
2.139371999999999900e+02 9.174899999999999523e+01 5.524313875350752440e-02
2.179402000000000044e+02 1.966050000000000182e+02 5.365687966352255395e-02
2.219407999999999959e+02 1.703909999999999911e+02 5.315773505036236468e-02
2.259388999999999896e+02 1.769445000000000050e+02 4.857615218751694386e-02
2.299346999999999923e+02 1.834979999999999905e+02 4.934521560054553474e-02
2.339279999999999973e+02 1.179629999999999939e+02 5.382641209121451914e-02
2.379189000000000078e+02 1.638375000000000057e+02 5.365687966352255395e-02
2.419073999999999955e+02 1.966050000000000182e+02 5.143999573558338118e-02
2.458934999999999889e+02 1.769445000000000050e+02 5.001478780779170658e-02
2.498771000000000129e+02 2.818004999999999995e+02 4.551220098463243380e-02
2.538583999999999889e+02 3.211214999999999691e+02 4.480810238158945691e-02
2.578373000000000275e+02 2.752469999999999573e+02 4.680053658246008386e-02
2.618136999999999830e+02 2.621399999999999864e+02 4.737060067528919838e-02
2.657878000000000043e+02 1.834979999999999905e+02 5.071237781339148210e-02
2.697594000000000278e+02 1.834979999999999905e+02 4.974370295070591058e-02
2.737287000000000035e+02 1.572839999999999918e+02 5.189189310485069206e-02
2.776954999999999814e+02 1.638375000000000057e+02 5.251337505477943896e-02
2.816600000000000250e+02 1.638375000000000057e+02 5.332256563215621165e-02
2.856220999999999890e+02 2.162655000000000030e+02 5.001478780779170658e-02
2.895817999999999870e+02 2.490329999999999870e+02 5.114520823252122900e-02
2.935391000000000190e+02 1.966050000000000182e+02 5.189189310485069206e-02
2.974940000000000282e+02 1.507305000000000064e+02 5.348893909614004655e-02
3.014465000000000146e+02 1.376234999999999786e+02 5.452097516665196236e-02
3.053967000000000098e+02 1.507305000000000064e+02 5.365687966352255395e-02
3.093444000000000074e+02 1.638375000000000057e+02 5.299442365043973563e-02
3.132898000000000138e+02 1.572839999999999918e+02 5.365687966352255395e-02
3.172327999999999975e+02 1.310699999999999932e+02 5.332256563215621165e-02
3.211734999999999900e+02 1.572839999999999918e+02 5.348893909614004655e-02
3.251116999999999848e+02 1.703909999999999911e+02 5.143999573558338118e-02
3.290475999999999885e+02 1.966050000000000182e+02 4.947697876060643679e-02
3.329812000000000012e+02 1.638375000000000057e+02 5.173993994377396738e-02
3.369123000000000161e+02 1.245164999999999935e+02 5.399756168715909299e-02
3.408410999999999831e+02 1.769445000000000050e+02 5.348893909614004655e-02
3.447676000000000158e+02 1.441770000000000209e+02 5.599478063378132003e-02
3.486917000000000257e+02 1.179629999999999939e+02 5.738740348215528447e-02
3.526134000000000128e+02 1.245164999999999935e+02 5.677796245400869302e-02
3.565326999999999771e+02 1.507305000000000064e+02 5.599478063378132003e-02
3.604497000000000071e+02 1.703909999999999911e+02 5.599478063378132003e-02
3.643643999999999892e+02 1.179629999999999939e+02 5.844825858908214017e-02
3.682767000000000053e+02 1.048560000000000088e+02 5.888938377990093898e-02
3.721866999999999734e+02 1.179629999999999939e+02 5.738740348215528447e-02
3.760942999999999756e+02 1.507305000000000064e+02 5.677796245400869302e-02
3.799995000000000118e+02 1.376234999999999786e+02 5.823138118593296220e-02
3.839024000000000001e+02 1.310699999999999932e+02 5.677796245400869302e-02
3.878029999999999973e+02 1.441770000000000209e+02 5.780477191556847999e-02
3.917013000000000034e+02 1.507305000000000064e+02 5.697894702039017073e-02
3.955971999999999866e+02 1.703909999999999911e+02 5.542820841345545702e-02
3.994907000000000039e+02 1.572839999999999918e+02 5.487849358864093502e-02
4.033820000000000050e+02 1.638375000000000057e+02 5.618753432132081449e-02
4.072708999999999833e+02 1.376234999999999786e+02 5.823138118593296220e-02
4.111573999999999955e+02 1.507305000000000064e+02 5.801690023179938843e-02
4.150416999999999916e+02 1.310699999999999932e+02 5.866757740313278263e-02
4.189236000000000217e+02 1.638375000000000057e+02 5.759495353930649958e-02
4.228032000000000039e+02 1.507305000000000064e+02 5.738740348215528447e-02
4.266804000000000201e+02 1.245164999999999935e+02 5.780477191556847999e-02
4.305554000000000201e+02 1.245164999999999935e+02 5.618753432132081449e-02
4.344279999999999973e+02 1.441770000000000209e+02 5.677796245400869302e-02
4.382982999999999834e+02 1.376234999999999786e+02 5.580399718090645750e-02
4.421662999999999784e+02 1.179629999999999939e+02 5.697894702039017073e-02
4.460319999999999823e+02 1.376234999999999786e+02 5.561515062516764890e-02
4.498953999999999951e+02 1.245164999999999935e+02 5.158931388924774264e-02
4.537563999999999851e+02 1.441770000000000209e+02 5.580399718090645750e-02
4.576152000000000157e+02 1.376234999999999786e+02 5.657908982036868178e-02
4.614716000000000236e+02 1.376234999999999786e+02 5.738740348215528447e-02
4.653258000000000152e+02 1.310699999999999932e+02 5.718208116564967719e-02
4.691775999999999840e+02 1.441770000000000209e+02 5.697894702039017073e-02
4.730271000000000186e+02 1.310699999999999932e+02 5.888938377990093898e-02
4.768743999999999801e+02 1.245164999999999935e+02 5.957020852253055998e-02
4.807192999999999756e+02 1.310699999999999932e+02 5.759495353930649958e-02
4.845620000000000118e+02 1.310699999999999932e+02 5.934065002501642816e-02
4.884023000000000252e+02 1.376234999999999786e+02 5.957020852253055998e-02
4.922404000000000224e+02 1.179629999999999939e+02 5.957020852253055998e-02
4.960761999999999716e+02 1.048560000000000088e+02 6.003743300162284191e-02
4.999096999999999866e+02 1.245164999999999935e+02 5.911372510193094176e-02
5.037409000000000106e+02 9.830250000000000909e+01 5.911372510193094176e-02
5.075697999999999865e+02 1.310699999999999932e+02 5.934065002501642816e-02
5.113964000000000283e+02 1.114094999999999942e+02 6.150795533448388808e-02
5.152208000000000538e+02 1.179629999999999939e+02 6.051582648536778936e-02
5.190429000000000315e+02 1.376234999999999786e+02 6.027520594402300397e-02
5.228627000000000180e+02 1.310699999999999932e+02 6.075935192194648060e-02
5.266802000000000135e+02 1.376234999999999786e+02 6.027520594402300397e-02
5.304954999999999927e+02 1.376234999999999786e+02 6.100584117714331206e-02
5.343084999999999809e+02 1.245164999999999935e+02 6.125535486133146940e-02
5.381191999999999780e+02 1.048560000000000088e+02 6.150795533448388808e-02
5.419275999999999840e+02 1.114094999999999942e+02 6.100584117714331206e-02
5.457337999999999738e+02 1.310699999999999932e+02 6.100584117714331206e-02
5.495376999999999725e+02 1.310699999999999932e+02 6.075935192194648060e-02
5.533393999999999551e+02 1.179629999999999939e+02 6.125535486133146940e-02
5.571387999999999465e+02 1.179629999999999939e+02 6.003743300162284191e-02
5.609358999999999469e+02 1.310699999999999932e+02 5.099970236660547607e-02
5.647308000000000447e+02 1.441770000000000209e+02 6.075935192194648060e-02
5.685234000000000378e+02 1.376234999999999786e+02 6.075935192194648060e-02
5.723138000000000147e+02 1.310699999999999932e+02 6.051582648536778936e-02
5.761019000000000005e+02 1.245164999999999935e+02 6.027520594402300397e-02
5.798877999999999702e+02 1.376234999999999786e+02 6.003743300162284191e-02
5.836713999999999487e+02 1.441770000000000209e+02 5.957020852253055998e-02
5.874528000000000247e+02 1.376234999999999786e+02 5.980245193165763945e-02
5.912318999999999960e+02 1.245164999999999935e+02 6.176370677164789991e-02
5.950087999999999511e+02 1.245164999999999935e+02 6.202267523143970701e-02
5.987835000000000036e+02 1.048560000000000088e+02 6.075935192194648060e-02
6.025558999999999514e+02 1.376234999999999786e+02 5.980245193165763945e-02
6.063260999999999967e+02 1.245164999999999935e+02 6.125535486133146940e-02
6.100940000000000509e+02 1.376234999999999786e+02 6.075935192194648060e-02
6.138596999999999753e+02 1.507305000000000064e+02 6.051582648536778936e-02
6.176231999999999971e+02 1.245164999999999935e+02 6.125535486133146940e-02
6.213845000000000027e+02 1.179629999999999939e+02 6.100584117714331206e-02
6.251435000000000173e+02 1.245164999999999935e+02 6.027520594402300397e-02
6.289003000000000156e+02 1.507305000000000064e+02 6.027520594402300397e-02
6.326548000000000229e+02 1.310699999999999932e+02 6.027520594402300397e-02
6.364071999999999889e+02 1.114094999999999942e+02 6.125535486133146940e-02
6.401572999999999638e+02 1.245164999999999935e+02 6.125535486133146940e-02
6.439052000000000362e+02 1.441770000000000209e+02 5.980245193165763945e-02
6.476508999999999787e+02 1.441770000000000209e+02 6.027520594402300397e-02
6.513944000000000187e+02 1.179629999999999939e+02 6.051582648536778936e-02
6.551355999999999540e+02 1.441770000000000209e+02 5.934065002501642816e-02
6.588746999999999616e+02 1.048560000000000088e+02 6.027520594402300397e-02
6.626114999999999782e+02 1.441770000000000209e+02 6.027520594402300397e-02
6.663461999999999534e+02 1.441770000000000209e+02 6.100584117714331206e-02
6.700786000000000513e+02 1.179629999999999939e+02 6.075935192194648060e-02
6.738088000000000193e+02 1.310699999999999932e+02 6.100584117714331206e-02
6.775367999999999711e+02 1.179629999999999939e+02 6.051582648536778936e-02
6.812626000000000204e+02 1.441770000000000209e+02 5.888938377990093898e-02
6.849862000000000535e+02 1.114094999999999942e+02 6.176370677164789991e-02
6.887075999999999567e+02 1.376234999999999786e+02 6.051582648536778936e-02
6.924269000000000460e+02 1.572839999999999918e+02 5.718208116564967719e-02
6.961439000000000306e+02 1.376234999999999786e+02 5.844825858908214017e-02
6.998586999999999989e+02 1.245164999999999935e+02 5.980245193165763945e-02
7.035712999999999511e+02 1.376234999999999786e+02 6.027520594402300397e-02
7.072817999999999756e+02 1.507305000000000064e+02 5.934065002501642816e-02
7.109900999999999840e+02 1.376234999999999786e+02 6.003743300162284191e-02
7.146961000000000013e+02 1.441770000000000209e+02 6.027520594402300397e-02
7.183999999999999773e+02 1.048560000000000088e+02 6.100584117714331206e-02
7.221017000000000507e+02 1.245164999999999935e+02 6.150795533448388808e-02
7.258011999999999944e+02 1.245164999999999935e+02 5.934065002501642816e-02
7.294986000000000104e+02 1.310699999999999932e+02 6.100584117714331206e-02
7.331938000000000102e+02 1.441770000000000209e+02 6.027520594402300397e-02
7.368867999999999938e+02 1.376234999999999786e+02 5.980245193165763945e-02
7.405775999999999613e+02 1.376234999999999786e+02 5.980245193165763945e-02
7.442662000000000262e+02 1.441770000000000209e+02 6.027520594402300397e-02
7.479527000000000498e+02 1.376234999999999786e+02 5.911372510193094176e-02
7.516369999999999436e+02 1.376234999999999786e+02 5.888938377990093898e-02
7.553191000000000486e+02 1.572839999999999918e+02 5.844825858908214017e-02
7.589990999999999985e+02 1.245164999999999935e+02 6.003743300162284191e-02
7.626769000000000460e+02 1.572839999999999918e+02 5.823138118593296220e-02
7.663526000000000522e+02 1.310699999999999932e+02 6.051582648536778936e-02
7.700261000000000422e+02 1.376234999999999786e+02 5.980245193165763945e-02
7.736974000000000160e+02 1.507305000000000064e+02 5.888938377990093898e-02
7.773665999999999485e+02 1.507305000000000064e+02 5.844825858908214017e-02
7.810335999999999785e+02 1.441770000000000209e+02 5.980245193165763945e-02
7.846984999999999673e+02 1.376234999999999786e+02 5.980245193165763945e-02
7.883612000000000535e+02 1.310699999999999932e+02 5.957020852253055998e-02
7.920217000000000098e+02 1.507305000000000064e+02 5.780477191556847999e-02
7.956801000000000386e+02 1.376234999999999786e+02 6.003743300162284191e-02
7.993364000000000260e+02 5.291893383576284293e+01 6.027520594402300397e-02
8.029904999999999973e+02 4.588326748789870635e+01 6.027520594402300397e-02
8.066425000000000409e+02 6.503624851358998171e+01 5.866757740313278263e-02
8.102922999999999547e+02 4.484234549819149152e+01 5.638229238994357101e-02
8.139400000000000546e+02 7.049652183413330420e+01 5.823138118593296220e-02
8.175855999999999995e+02 3.714223577426079714e+01 5.888938377990093898e-02
8.212290000000000418e+02 4.308144048781724678e+01 5.980245193165763945e-02
8.248703000000000429e+02 6.209958411912229792e+01 5.866757740313278263e-02
8.285094000000000278e+02 4.832160984900150424e+01 5.801690023179938843e-02
8.321464999999999463e+02 5.417495530367187939e+01 5.780477191556847999e-02
8.357812999999999874e+02 5.344505262183952254e+01 5.934065002501642816e-02
8.394140999999999622e+02 4.613132852471490253e+01 5.957020852253055998e-02
8.430447000000000344e+02 6.500070438900311842e+01 5.888938377990093898e-02
8.466731999999999516e+02 5.762459632292645040e+01 5.911372510193094176e-02
8.502996000000000549e+02 6.987691524533671839e+01 5.759495353930649958e-02
8.539239000000000033e+02 4.932906696797607538e+01 5.866757740313278263e-02
8.575460000000000491e+02 2.219445228094507172e+01 6.003743300162284191e-02
8.611660000000000537e+02 4.745396704143759337e+01 5.844825858908214017e-02
8.647839999999999918e+02 5.301850226580221204e+01 5.866757740313278263e-02
8.683997000000000526e+02 7.165494422499079974e+01 5.801690023179938843e-02
8.720134000000000469e+02 4.438117454345487545e+01 5.911372510193094176e-02
8.756250000000000000e+02 5.639207030155159828e+01 5.823138118593296220e-02
8.792344000000000506e+02 1.593800414152062217e+01 5.911372510193094176e-02
8.828418000000000347e+02 3.442784437709464385e+01 5.934065002501642816e-02
8.864470000000000027e+02 3.977245510680563712e+01 5.801690023179938843e-02
8.900502000000000180e+02 3.852469633105127400e+01 5.015200284699847938e-02
8.936512000000000171e+02 3.723742407298358614e+01 5.957020852253055998e-02
8.972500999999999749e+02 3.590999050328508702e+01 5.888938377990093898e-02
9.008469000000000051e+02 3.454174406889585214e+01 5.934065002501642816e-02
9.044416999999999689e+02 4.623902962575685649e+01 5.911372510193094176e-02
9.080343000000000302e+02 1.857318792028462440e+01 5.957020852253055998e-02
9.116248000000000502e+02 4.329255573034278370e+01 5.911372510193094176e-02
9.152133000000000038e+02 4.175446666577599331e+01 5.251337505477943896e-02
9.187996000000000549e+02 7.404750662523312599e+00 5.888938377990093898e-02
9.223839000000000397e+02 4.509873413642709750e+01 5.844825858908214017e-02
9.259660000000000082e+02 3.031924014145451451e+01 5.934065002501642816e-02
9.295461000000000240e+02 2.860058853239928567e+01 6.003743300162284191e-02
9.331240999999999985e+02 2.683509613213109901e+01 5.934065002501642816e-02
9.367000000000000455e+02 2.502207690346071445e+01 5.911372510193094176e-02
9.402739000000000260e+02 2.316084212568924272e+01 5.980245193165763945e-02
9.438455999999999904e+02 8.143699920560152350e+00 6.027520594402300397e-02
9.474153000000000020e+02 2.584445543838265280e+01 6.003743300162284191e-02
9.509828999999999724e+02 3.694141104904608142e+01 5.888938377990093898e-02
9.545484000000000151e+02 2.832686653799422061e+01 5.759495353930649958e-02
9.581118000000000166e+02 1.966061930722977991e+01 5.911372510193094176e-02
9.616731999999999516e+02 3.060246458141878634e+01 5.934065002501642816e-02
9.652324999999999591e+02 -4.383304380834545100e+00 5.957020852253055998e-02
9.687897000000000389e+02 1.955860392952749294e+01 5.657908982036868178e-02
9.723449000000000524e+02 3.033897883849317623e+01 5.844825858908214017e-02
9.758979000000000497e+02 8.296607716190209203e+00 5.934065002501642816e-02
9.794489999999999554e+02 1.241227620954833810e+01 5.801690023179938843e-02
9.829978999999999587e+02 3.364267825136579404e+00 5.980245193165763945e-02
9.865448000000000093e+02 2.047286417294625949e+01 5.823138118593296220e-02
9.900896999999999935e+02 3.096984521584195704e+01 5.801690023179938843e-02
9.936323999999999614e+02 1.519398952475151532e+01 5.801690023179938843e-02
9.971731999999999516e+02 5.912074539668367379e+00 5.888938377990093898e-02
1.000711800000000039e+03 1.623037618118678438e+01 5.823138118593296220e-02
1.004248399999999947e+03 1.993416912334379276e+01 5.823138118593296220e-02
1.007783000000000015e+03 -2.637772927511520038e+00 5.911372510193094176e-02
1.011315500000000043e+03 7.495323052253070273e+00 5.823138118593296220e-02
1.014846000000000004e+03 -2.095270305302989300e+00 5.866757740313278263e-02
1.018374400000000037e+03 -1.830328111765271615e+01 5.844825858908214017e-02
1.021900800000000004e+03 1.129856205190804985e+01 5.801690023179938843e-02
1.025425099999999929e+03 1.514030504361443263e+00 5.888938377990093898e-02
1.028947400000000016e+03 2.443107620364060040e+01 5.780477191556847999e-02
1.032467599999999948e+03 -4.446734903772420466e+01 5.980245193165763945e-02
1.035985799999999927e+03 -1.513011529311555137e+01 5.888938377990093898e-02
1.039501999999999953e+03 2.069392148435301237e+01 5.738740348215528447e-02
1.043016100000000051e+03 1.713060745078561808e+01 5.638229238994357101e-02
1.046528199999999970e+03 3.942886589443617140e-01 5.738740348215528447e-02
1.050038199999999961e+03 -9.854189240769358094e+00 5.738740348215528447e-02
1.053546199999999999e+03 -3.327498129273323002e+01 5.780477191556847999e-02
1.057052200000000084e+03 -4.332742866605883592e+00 5.759495353930649958e-02
1.060556199999999990e+03 -8.222578634664955644e+00 5.759495353930649958e-02
1.064058099999999968e+03 -5.623093491263716714e+00 5.738740348215528447e-02
1.067557999999999993e+03 3.466274410200185230e+00 5.738740348215528447e-02
1.071055900000000065e+03 5.939648663369013093e+00 5.677796245400869302e-02
1.074551799999999957e+03 -1.130853872427857709e+01 5.738740348215528447e-02
1.078045599999999922e+03 4.151205578484677972e+00 5.677796245400869302e-02
1.081537499999999909e+03 -1.071500687452839884e-01 5.599478063378132003e-02
1.085027299999999968e+03 -1.752789731715770927e+01 5.697894702039017073e-02
1.088515100000000075e+03 1.087268288634993496e+01 5.638229238994357101e-02
1.092000800000000027e+03 -9.824875747762007450e-02 5.580399718090645750e-02
1.095484600000000000e+03 1.509696802018549988e+01 5.580399718090645750e-02
1.098966300000000047e+03 -9.073996696783751759e+00 5.542820841345545702e-02
1.102446099999999888e+03 1.258702697649448510e+01 5.561515062516764890e-02
1.105923800000000028e+03 7.994208521599830419e+00 5.452097516665196236e-02
1.109399499999999989e+03 -9.742783183241101597e+00 5.561515062516764890e-02
1.112873199999999997e+03 5.253219940777114516e+00 5.524313875350752440e-02
1.116345000000000027e+03 5.568856360381460036e-01 5.505991059119644260e-02
1.119814699999999903e+03 2.384881119603562638e+00 5.542820841345545702e-02
1.123282400000000052e+03 1.729337355284633304e+01 5.469885810310497198e-02
1.126748100000000022e+03 5.964029858651144878e+00 5.315773505036236468e-02
1.130211800000000039e+03 2.738101588591524660e+01 5.365687966352255395e-02
1.133673500000000104e+03 2.256549623178261754e+01 5.365687966352255395e-02
1.137133199999999988e+03 -1.926365278654145641e+00 5.399756168715909299e-02
1.140590999999999894e+03 6.336093578497639101e+00 5.417035432620166679e-02
1.144046700000000101e+03 2.769503325371726987e+01 5.299442365043973563e-02
1.147500399999999900e+03 2.283211290852420916e+01 5.365687966352255395e-02
1.150952199999999948e+03 4.417798893493460355e+01 5.251337505477943896e-02
1.154402000000000044e+03 3.930731544175284853e+01 5.267226611397279878e-02
1.157849699999999984e+03 2.788324277533456552e+01 5.267226611397279878e-02
1.161295499999999947e+03 4.922941735130382312e+01 5.219985956586272596e-02
1.164739399999999932e+03 5.747398214161012220e+01 5.143999573558338118e-02
1.168181199999999990e+03 2.640557650596144867e+01 5.251337505477943896e-02
1.171621000000000095e+03 8.054333536736697852e+01 5.158931388924774264e-02
1.175058899999999994e+03 6.915938838687833368e+01 5.099970236660547607e-02
1.178494799999999941e+03 8.400535782656345418e+01 5.099970236660547607e-02
1.181928699999999935e+03 7.920935837720122663e+01 5.085543134951424349e-02
1.185360699999999952e+03 6.132749763973447443e+01 5.071237781339148210e-02
1.188790700000000015e+03 7.623687529417014730e+01 4.960980310365376011e-02
1.192218699999999899e+03 8.461908357706522565e+01 4.987869289482389085e-02
1.195644700000000057e+03 9.958370710128912151e+01 5.001478780779170658e-02
1.199068800000000010e+03 1.014728220178026277e+02 4.934521560054553474e-02
1.202490900000000011e+03 1.033959945191955967e+02 4.960980310365376011e-02
1.205911000000000058e+03 9.880228065077614019e+01 4.882849753329315812e-02
1.209329199999999901e+03 1.008012261182524867e+02 4.895615395384239621e-02
1.212745400000000018e+03 1.421628667471048288e+02 4.820486405207096564e-02
1.216159699999999930e+03 1.245872282826899777e+02 4.895615395384239621e-02
1.219571999999999889e+03 1.594863235647786723e+02 4.784196154532611989e-02
1.222982299999999896e+03 1.485601516637184432e+02 4.784196154532611989e-02
1.226390699999999924e+03 1.638996963565741112e+02 4.702608264353498602e-02
1.229797100000000000e+03 1.661864259090452265e+02 4.340310891848280644e-02
1.233201600000000099e+03 2.144042921968613200e+02 4.646822087641515331e-02
1.236604100000000017e+03 2.036997304771091990e+02 4.691290297849490254e-02
1.240004699999999957e+03 2.323776552217963740e+02 4.603594896125626224e-02
1.243403299999999945e+03 2.676729598776071271e+02 4.520640445801725471e-02
1.246799899999999980e+03 2.440530146534597975e+02 4.571954693728050301e-02
1.250194700000000012e+03 2.925901649570270138e+02 4.413570257888117104e-02
1.253587500000000091e+03 3.411982298246297205e+02 4.358283270558153955e-02
1.256978299999999990e+03 3.636654990335720186e+02 4.385665424348193092e-02
1.260367199999999912e+03 3.993152282413348075e+02 4.313764398834754599e-02
1.263754200000000083e+03 4.153821367388488284e+02 4.287699118520275215e-02
1.267139200000000073e+03 4.708499038855222238e+02 4.228671929245766958e-02
1.270522300000000087e+03 5.198461675025491786e+02 4.148424181754185175e-02
1.273903399999999920e+03 5.427125183261332495e+02 4.109976418266231973e-02
1.277282600000000002e+03 5.918789951078615559e+02 4.043383735459044753e-02
1.280659900000000107e+03 6.476870823280688683e+02 4.007758514720169418e-02
1.284035300000000007e+03 6.970317052791903052e+02 3.966226217573246005e-02
1.287408699999999953e+03 7.464682244849522021e+02 3.899785567411425541e-02
1.290780199999999923e+03 7.828914307659102860e+02 3.848971858266136969e-02
1.294149799999999914e+03 8.587310402957986071e+02 3.758819492662904271e-02
1.297517399999999952e+03 9.346676909592069933e+02 3.713256360422702990e-02
1.300883100000000013e+03 9.648284347676224115e+02 3.680150888102009382e-02
1.304246900000000096e+03 1.021303230265761158e+03 3.626889744848886543e-02
1.307608799999999974e+03 1.071325939515497112e+03 3.570892294646976772e-02
1.310968800000000101e+03 1.101790822448380140e+03 3.551163456966775073e-02
1.314326800000000048e+03 1.132359531863366556e+03 3.546282130319966530e-02
1.317682900000000018e+03 1.182693613657080277e+03 3.493882871155977454e-02
1.321037100000000009e+03 1.200366007043691297e+03 3.479990637724181268e-02
1.324389400000000023e+03 1.178824044764308383e+03 3.489233657025796187e-02
1.327739800000000059e+03 1.196710453285789526e+03 3.493882871155977454e-02
1.331088299999999890e+03 1.162276852988887413e+03 3.512667323046125140e-02
1.334434799999999996e+03 1.141058758345659498e+03 3.507942818792300632e-02
1.337779500000000098e+03 1.113396078086077523e+03 3.541420877684714474e-02
1.341122200000000021e+03 1.072735615353788035e+03 3.570892294646976772e-02
1.344463099999999940e+03 1.025631067850978525e+03 3.596022036740845890e-02
1.347801999999999907e+03 9.655290279723243430e+02 3.653229159465802567e-02
1.351139100000000099e+03 9.383039855493954065e+02 3.669310950304736918e-02
1.354474200000000110e+03 8.915278338608571858e+02 3.685607008055883510e-02
1.357807399999999916e+03 8.055398723549766373e+02 3.776343221656854043e-02
1.361138799999999947e+03 7.589818113272376650e+02 3.818204203652911244e-02
1.364468200000000024e+03 6.994252805191357538e+02 3.861488872959494695e-02
1.367795800000000099e+03 6.596373337739859153e+02 3.874128804873500781e-02
1.371121399999999994e+03 5.806359549925753072e+02 3.993769786124472948e-02
1.374445200000000114e+03 5.803835621119570760e+02 3.986830128777176657e-02
1.377767000000000053e+03 5.081490150055888080e+02 4.079976189328438085e-02
1.381086999999999989e+03 4.556806155085720320e+02 4.102414357732872552e-02
1.384405099999999948e+03 4.360846146411062136e+02 4.156244026925565160e-02
1.387721299999999928e+03 3.576112178553293006e+02 4.228671929245766958e-02
1.391035599999999931e+03 3.251155869949170665e+02 4.279115127691203446e-02
1.394348099999999931e+03 3.058293481424238962e+02 4.287699118520275215e-02
1.397658599999999979e+03 2.538770948688450062e+02 4.394908143608346890e-02
1.400967300000000023e+03 2.216858901622410940e+02 4.451618981241678430e-02
1.404274100000000089e+03 1.961477716229624093e+02 4.490669018478148783e-02
1.407578999999999951e+03 1.707082546827706437e+02 4.510583391195485681e-02
1.410882000000000062e+03 1.453663351586500312e+02 4.540958033322987225e-02
1.414183199999999943e+03 1.332279917967592837e+02 4.561552052959470804e-02
1.417482500000000073e+03 1.342921888066227893e+02 4.530765073144059352e-02
1.420779899999999998e+03 7.646937707496579151e+01 4.625056993338622774e-02
1.424075499999999920e+03 8.427499405929449949e+01 4.646822087641515331e-02
1.427369099999999889e+03 9.217296825947653360e+01 4.635901221574090930e-02
1.430660900000000083e+03 4.118071974788074385e+01 4.714008543542005936e-02
1.433950900000000047e+03 5.581366069027865251e+01 4.702608264353498602e-02
1.437239000000000033e+03 4.432169651296965185e+01 4.737060067528919838e-02
1.440525200000000041e+03 3.947122706088748600e+01 4.680053658246008386e-02
1.443809500000000071e+03 7.402864774679562743e+01 4.646822087641515331e-02
1.447092000000000098e+03 4.313684938098435850e+01 4.702608264353498602e-02
1.450372599999999920e+03 3.854371864762913447e+01 4.725492138009014520e-02
1.453651399999999967e+03 2.748063791721995131e+01 4.772280329916516600e-02
1.456928300000000036e+03 4.926748505052557903e+01 4.394908143608346890e-02
1.460203400000000101e+03 1.870763384955080255e+01 4.796201684461862125e-02
1.463476599999999962e+03 1.444195450025210903e+01 4.760453099019565371e-02
1.466747900000000072e+03 4.302281400712206505e+01 4.748713369436884102e-02
1.470017399999999952e+03 6.146575964408725667e+00 4.832767919138019480e-02
1.473285000000000082e+03 2.832860097477816907e+01 4.772280329916516600e-02
1.476550799999999981e+03 1.781874640483954408e+01 4.808298050922980155e-02
1.479814800000000105e+03 4.015086613299058627e+01 4.737060067528919838e-02
1.483076900000000023e+03 1.012831028970492753e+01 4.832767919138019480e-02
1.486337099999999964e+03 1.949892499036911886e+01 4.702608264353498602e-02
1.489595499999999902e+03 4.860105206078878837e+01 4.760453099019565371e-02
1.492852100000000064e+03 5.155902875547661779e+01 4.760453099019565371e-02
1.496106800000000021e+03 8.079968746884003394e+01 4.737060067528919838e-02
1.499359699999999975e+03 5.767985543938334558e+01 4.760453099019565371e-02
1.502610799999999927e+03 7.394735444704144811e+01 4.737060067528919838e-02
1.505859999999999900e+03 6.406600050376397348e+01 4.725492138009014520e-02
1.509107400000000098e+03 6.080210353746457486e+01 4.784196154532611989e-02
1.512352900000000091e+03 8.381496641410706161e+01 4.725492138009014520e-02
1.515596600000000080e+03 8.067538395339443014e+01 4.702608264353498602e-02
1.518838500000000067e+03 9.725664259353339958e+01 4.646822087641515331e-02
1.522078600000000051e+03 1.138970193944915081e+02 4.680053658246008386e-02
1.525316800000000057e+03 1.305952810352227971e+02 4.646822087641515331e-02
1.528553200000000061e+03 1.276896828049785313e+02 4.635901221574090930e-02
1.531787700000000086e+03 1.248394682441817736e+02 4.635901221574090930e-02
1.535020500000000084e+03 1.679178681242874518e+02 4.614288510757279943e-02
1.538251400000000103e+03 1.782815994221032270e+02 4.614288510757279943e-02
1.541480499999999893e+03 1.755898623226496511e+02 4.625056993338622774e-02
1.544707799999999907e+03 1.860553398381377406e+02 4.571954693728050301e-02
1.547933199999999943e+03 2.293371967664414228e+02 4.540958033322987225e-02
1.551156899999999951e+03 2.464525792999013447e+02 4.461285917666479861e-02
1.554378699999999981e+03 2.963816106971372619e+02 4.413570257888117104e-02
1.557598700000000008e+03 2.939273895715118101e+02 4.394908143608346890e-02
1.560816900000000032e+03 3.242839855535758602e+02 4.404209546909487738e-02
1.564033300000000054e+03 3.940034382257911716e+02 4.287699118520275215e-02
1.567247800000000097e+03 4.506562547422206535e+02 4.245287600048053278e-02
1.570460600000000113e+03 4.614734028565833341e+02 4.236955329797763292e-02
1.573671599999999899e+03 5.444163052569729189e+02 4.148424181754185175e-02
1.576880699999999933e+03 6.142878384841419575e+02 4.072578220976776769e-02
1.580087999999999965e+03 6.514258246372130543e+02 4.029019982298691349e-02
1.583293599999999969e+03 7.606845243865250268e+02 3.893323615056001885e-02
1.586497299999999996e+03 8.503131332598341032e+02 3.818204203652911244e-02
1.589699200000000019e+03 8.940957707164434396e+02 3.812138744376645377e-02
1.592899400000000014e+03 9.772259797038935858e+02 3.735829555331804386e-02
1.596097700000000032e+03 9.620782262117973005e+02 3.730147681997378339e-02
1.599294200000000046e+03 9.993808988230196064e+02 3.669310950304736918e-02
1.602488900000000058e+03 1.043257308262402603e+03 3.669310950304736918e-02
1.605681900000000041e+03 9.691886869432487401e+02 3.747271632829868998e-02
1.608873000000000047e+03 9.999916885117793299e+02 3.565929273076003103e-02
1.612062400000000025e+03 8.931843873897967114e+02 3.836575781438026495e-02
1.615249900000000025e+03 8.322622783157844424e+02 3.906279802663452372e-02
1.618435699999999997e+03 7.516877758846867437e+02 3.959428909719994033e-02
1.621619699999999966e+03 6.645652140866210402e+02 4.050623461463098707e-02
1.624801899999999932e+03 5.774453517429255953e+02 4.172017305725551212e-02
1.627982299999999896e+03 5.034323812184181293e+02 4.270582486842748604e-02
1.631160900000000083e+03 4.097559371333803711e+02 4.413570257888117104e-02
1.634337700000000041e+03 3.816086037648564115e+02 4.394908143608346890e-02
1.637512799999999970e+03 2.682569244142956677e+02 4.582428830465289787e-02
1.640686099999999897e+03 2.204284042222878952e+02 4.737060067528919838e-02
1.643857600000000048e+03 2.119060215037296189e+02 4.725492138009014520e-02
1.647027299999999968e+03 1.640447325306773223e+02 4.772280329916516600e-02
1.650195200000000114e+03 1.358229723845849435e+02 4.870183455071955270e-02
1.653361400000000003e+03 1.141306597424328402e+02 4.974370295070591058e-02
1.656525799999999890e+03 8.585769969890424136e+01 5.042985540447315201e-02
1.659688400000000001e+03 8.376848593561652478e+01 5.015200284699847938e-02
1.662849200000000110e+03 4.887840354841659973e+01 5.057052473045308555e-02
1.666008299999999963e+03 4.671932925630301270e+01 5.158931388924774264e-02
1.669165600000000040e+03 2.486013489043386926e+01 5.173993994377396738e-02
1.672321200000000090e+03 2.917218761003425698e+01 5.158931388924774264e-02
1.675474899999999934e+03 6.708520883156552372e-01 5.267226611397279878e-02
1.678626899999999978e+03 1.799499008127060051e+01 5.251337505477943896e-02
1.681777199999999993e+03 2.215996196710653976e+01 5.143999573558338118e-02
1.684925600000000031e+03 -1.960487367546824089e+01 5.283260823864486394e-02
1.688072400000000016e+03 -9.000159173041765825e+00 5.299442365043973563e-02
1.691217300000000023e+03 -5.010537513114655894e+00 5.299442365043973563e-02
1.694360500000000002e+03 1.857574743271393913e+01 5.267226611397279878e-02
1.697501999999999953e+03 2.775452345542390731e+00 5.299442365043973563e-02
1.700641599999999926e+03 6.568442273250582275e+00 5.283260823864486394e-02
1.703779600000000073e+03 -2.814418013826866627e+00 5.267226611397279878e-02
1.706915700000000015e+03 -5.714263746849610470e+00 5.267226611397279878e-02
1.710050199999999904e+03 -2.132448996617569037e+00 5.283260823864486394e-02
1.713182800000000043e+03 -5.176756978982240298e+00 5.299442365043973563e-02
1.716313699999999926e+03 -1.740757878140328785e+00 5.315773505036236468e-02
1.719442900000000009e+03 -4.931504720266303821e+00 5.315773505036236468e-02
1.722570300000000088e+03 -1.641876629822490941e+00 5.332256563215621165e-02
1.725695999999999913e+03 1.575239926050244321e+00 5.348893909614004655e-02
1.728819899999999961e+03 -1.832877496313386700e+00 5.348893909614004655e-02
1.731942099999999982e+03 1.241548501896573953e+00 5.365687966352255395e-02
1.735062599999999975e+03 4.245794847427788454e+00 5.382641209121451914e-02
1.738181299999999965e+03 -5.926362312477010619e+00 5.452097516665196236e-02
1.741298199999999952e+03 1.660035274484559409e+01 5.332256563215621165e-02
1.744413500000000113e+03 -1.992228497600510195e+01 5.452097516665196236e-02
1.747526900000000069e+03 9.022998524885167626e+00 5.382641209121451914e-02
1.750638699999999972e+03 1.824147596290902129e+01 5.332256563215621165e-02
1.753748700000000099e+03 1.180418495809277601e+00 5.299442365043973563e-02
1.756856999999999971e+03 2.992909545718106301e+01 5.189189310485069206e-02
1.759963500000000067e+03 -3.677252481224684288e-01 5.434481646652192244e-02
1.763068400000000111e+03 8.593222602542368804e+00 5.434481646652192244e-02
1.766171499999999924e+03 1.749170330254167993e+01 5.399756168715909299e-02
1.769272799999999961e+03 2.632847897521935465e+01 5.348893909614004655e-02
1.772372399999999971e+03 2.199730933939878241e+01 5.382641209121451914e-02
1.775470299999999952e+03 4.381995213640576026e+01 5.348893909614004655e-02
1.778566499999999905e+03 3.281566290783473505e+01 5.382641209121451914e-02
1.781661000000000058e+03 4.796669477933497205e+01 5.283260823864486394e-02
1.784753699999999981e+03 1.718529825033940028e+01 5.399756168715909299e-02
1.787844700000000103e+03 3.222122098966144677e+01 5.348893909614004655e-02
1.790933999999999969e+03 4.064720763688475813e+01 5.348893909614004655e-02
1.794021600000000035e+03 4.246399960947061913e+01 5.315773505036236468e-02
1.797107500000000073e+03 3.767233491550959457e+01 5.365687966352255395e-02
1.800191600000000108e+03 3.937994797204228803e+01 5.348893909614004655e-02
1.803273999999999887e+03 3.448056942887563991e+01 5.348893909614004655e-02
1.806354700000000093e+03 2.952842599782169941e+01 5.348893909614004655e-02
1.809433700000000044e+03 3.107774094263564280e+01 5.348893909614004655e-02
1.812510999999999967e+03 2.602223391887997650e+01 5.348893909614004655e-02
1.815586600000000089e+03 2.746962147434305734e+01 5.348893909614004655e-02
1.818660499999999956e+03 2.886711689923976110e+01 5.348893909614004655e-02
1.821732600000000048e+03 3.676893008147283126e+01 5.382641209121451914e-02
1.824803100000000086e+03 3.806876671153327152e+01 5.365687966352255395e-02
1.827871799999999894e+03 5.242782814766891875e+01 5.315773505036236468e-02
1.830938900000000103e+03 2.086531194125097954e+01 5.348893909614004655e-02
1.834004200000000083e+03 2.857741171156766313e+01 5.365687966352255395e-02
1.837067900000000009e+03 6.901131702532603640e+01 5.283260823864486394e-02
1.840129799999999932e+03 4.386521328079203386e+01 5.283260823864486394e-02
1.843190100000000029e+03 5.144228159649981080e+01 5.299442365043973563e-02
1.846248599999999897e+03 5.242219870446217556e+01 5.251337505477943896e-02
1.849305399999999963e+03 5.335913684781363031e+01 5.315773505036236468e-02
1.852360599999999977e+03 5.425376302746872170e+01 5.283260823864486394e-02
1.855414099999999962e+03 4.855323890842839774e+01 5.332256563215621165e-02
1.858465799999999945e+03 5.591872073031713342e+01 5.219985956586272596e-02
1.861515900000000101e+03 5.669035922208557565e+01 5.348893909614004655e-02
1.864564300000000003e+03 6.397579952081217414e+01 5.332256563215621165e-02
1.867611000000000104e+03 4.500818109453953753e+01 5.417035432620166679e-02
1.870655999999999949e+03 5.876963766908009745e+01 5.235591330584518643e-02
1.873699299999999994e+03 5.283279715872816951e+01 5.348893909614004655e-02
1.876740900000000011e+03 6.651928160081419605e+01 5.299442365043973563e-02
1.879780899999999974e+03 4.740170709403899707e+01 5.315773505036236468e-02
1.882819099999999935e+03 4.790868374052499234e+01 5.365687966352255395e-02
1.885855700000000070e+03 5.493381559152392413e+01 5.299442365043973563e-02
1.888890599999999949e+03 6.847770059671894671e+01 5.235591330584518643e-02
1.891923800000000028e+03 6.232693121241180734e+01 5.299442365043973563e-02
1.894955400000000054e+03 8.235659370248406219e+01 5.283260823864486394e-02
1.897985200000000077e+03 4.337176875347415717e+01 5.348893909614004655e-02
1.901013400000000047e+03 2.031585000000000036e+02 5.267226611397279878e-02
1.904039999999999964e+03 1.638375000000000057e+02 5.332256563215621165e-02
1.907064800000000105e+03 1.769445000000000050e+02 5.251337505477943896e-02
1.910087999999999965e+03 2.097120000000000175e+02 5.299442365043973563e-02
1.913109500000000025e+03 1.703909999999999911e+02 5.332256563215621165e-02
1.916129300000000057e+03 1.769445000000000050e+02 5.299442365043973563e-02
1.919147400000000061e+03 1.966050000000000182e+02 5.173993994377396738e-02
1.922163900000000012e+03 1.769445000000000050e+02 5.315773505036236468e-02
1.925178799999999910e+03 1.703909999999999911e+02 5.204519297533252709e-02
1.928191900000000032e+03 1.572839999999999918e+02 5.251337505477943896e-02
1.931203400000000101e+03 1.572839999999999918e+02 5.332256563215621165e-02
1.934213199999999915e+03 1.769445000000000050e+02 5.219985956586272596e-02
1.937221399999999903e+03 1.507305000000000064e+02 5.332256563215621165e-02
1.940227900000000091e+03 1.638375000000000057e+02 5.283260823864486394e-02
1.943232799999999997e+03 1.507305000000000064e+02 5.251337505477943896e-02
1.946236000000000104e+03 1.703909999999999911e+02 5.299442365043973563e-02
1.949237499999999955e+03 1.769445000000000050e+02 4.857615218751694386e-02
1.952237399999999980e+03 2.097120000000000175e+02 5.189189310485069206e-02
1.955235599999999977e+03 1.900514999999999759e+02 5.299442365043973563e-02
1.958232199999999921e+03 2.031585000000000036e+02 5.219985956586272596e-02
1.961227100000000064e+03 1.900514999999999759e+02 5.283260823864486394e-02
1.964220299999999952e+03 1.638375000000000057e+02 5.315773505036236468e-02
1.967211999999999989e+03 1.834979999999999905e+02 5.235591330584518643e-02
1.970201900000000023e+03 1.900514999999999759e+02 5.204519297533252709e-02
1.973190200000000004e+03 1.769445000000000050e+02 5.267226611397279878e-02
1.976176899999999932e+03 1.507305000000000064e+02 5.251337505477943896e-02
1.979161900000000060e+03 1.900514999999999759e+02 5.173993994377396738e-02
1.982145299999999907e+03 1.703909999999999911e+02 5.235591330584518643e-02
1.985127099999999928e+03 1.769445000000000050e+02 5.204519297533252709e-02
1.988107199999999921e+03 1.572839999999999918e+02 5.299442365043973563e-02
1.991085600000000113e+03 1.769445000000000050e+02 5.143999573558338118e-02
1.994062400000000025e+03 1.900514999999999759e+02 5.189189310485069206e-02
1.997037600000000111e+03 1.769445000000000050e+02 5.158931388924774264e-02
2.000011199999999917e+03 1.966050000000000182e+02 5.204519297533252709e-02
2.002983099999999922e+03 1.769445000000000050e+02 5.235591330584518643e-02
2.005953299999999899e+03 1.834979999999999905e+02 5.204519297533252709e-02
2.008922000000000025e+03 1.572839999999999918e+02 5.267226611397279878e-02
2.011888999999999896e+03 2.097120000000000175e+02 5.158931388924774264e-02
2.014854299999999967e+03 1.703909999999999911e+02 5.283260823864486394e-02
2.017818099999999959e+03 1.507305000000000064e+02 5.251337505477943896e-02
2.020780199999999923e+03 1.638375000000000057e+02 5.267226611397279878e-02
2.023740700000000061e+03 1.703909999999999911e+02 5.235591330584518643e-02
2.026699499999999944e+03 1.441770000000000209e+02 5.315773505036236468e-02
2.029656799999999976e+03 1.572839999999999918e+02 5.204519297533252709e-02
2.032612399999999980e+03 1.441770000000000209e+02 5.267226611397279878e-02
2.035566399999999931e+03 1.703909999999999911e+02 5.129196666397189269e-02
2.038518700000000081e+03 1.834979999999999905e+02 5.204519297533252709e-02
2.041469499999999925e+03 1.769445000000000050e+02 5.129196666397189269e-02
2.044418599999999969e+03 1.507305000000000064e+02 5.267226611397279878e-02
2.047366099999999960e+03 1.769445000000000050e+02 5.235591330584518643e-02
2.050311999999999898e+03 1.572839999999999918e+02 5.204519297533252709e-02
2.053256199999999808e+03 1.703909999999999911e+02 5.114520823252122900e-02
2.056198899999999867e+03 1.769445000000000050e+02 5.204519297533252709e-02
2.059139900000000125e+03 1.900514999999999759e+02 5.085543134951424349e-02
2.062079299999999876e+03 1.441770000000000209e+02 5.219985956586272596e-02
2.065017199999999775e+03 1.900514999999999759e+02 5.189189310485069206e-02
2.067953399999999874e+03 1.703909999999999911e+02 5.189189310485069206e-02
2.070887999999999920e+03 1.507305000000000064e+02 5.251337505477943896e-02
2.073820900000000165e+03 1.769445000000000050e+02 5.158931388924774264e-02
2.076752300000000105e+03 1.441770000000000209e+02 5.283260823864486394e-02
2.079682099999999991e+03 1.441770000000000209e+02 5.267226611397279878e-02
2.082610200000000077e+03 1.376234999999999786e+02 5.219985956586272596e-02
2.085536799999999857e+03 1.703909999999999911e+02 5.219985956586272596e-02
2.088461800000000039e+03 1.703909999999999911e+02 5.173993994377396738e-02
2.091385099999999966e+03 1.703909999999999911e+02 5.219985956586272596e-02
2.094306900000000041e+03 1.900514999999999759e+02 5.173993994377396738e-02
2.097226999999999862e+03 1.966050000000000182e+02 5.085543134951424349e-02
2.100145599999999831e+03 1.834979999999999905e+02 5.158931388924774264e-02
2.103062500000000000e+03 1.834979999999999905e+02 5.071237781339148210e-02
2.105977899999999863e+03 1.834979999999999905e+02 4.737060067528919838e-02
2.108891700000000128e+03 1.441770000000000209e+02 5.235591330584518643e-02
2.111803800000000138e+03 1.703909999999999911e+02 5.071237781339148210e-02
2.114714399999999841e+03 1.703909999999999911e+02 5.173993994377396738e-02
2.117623399999999947e+03 2.031585000000000036e+02 5.114520823252122900e-02
2.120530799999999999e+03 1.834979999999999905e+02 5.129196666397189269e-02
2.123436599999999999e+03 1.703909999999999911e+02 5.158931388924774264e-02
2.126340799999999945e+03 1.572839999999999918e+02 5.158931388924774264e-02
2.129243500000000040e+03 1.834979999999999905e+02 5.099970236660547607e-02
2.132144499999999880e+03 2.031585000000000036e+02 4.987869289482389085e-02
2.135043999999999869e+03 1.703909999999999911e+02 5.143999573558338118e-02
2.137941899999999805e+03 1.703909999999999911e+02 5.143999573558338118e-02
2.140838099999999940e+03 1.703909999999999911e+02 5.173993994377396738e-02
2.143732899999999972e+03 1.703909999999999911e+02 5.173993994377396738e-02
2.146626000000000204e+03 1.900514999999999759e+02 5.143999573558338118e-02
2.149517499999999927e+03 1.572839999999999918e+02 5.204519297533252709e-02
2.152407499999999800e+03 1.638375000000000057e+02 5.129196666397189269e-02
2.155295900000000074e+03 1.900514999999999759e+02 5.001478780779170658e-02
2.158182699999999841e+03 1.638375000000000057e+02 5.114520823252122900e-02
2.161068000000000211e+03 1.834979999999999905e+02 5.099970236660547607e-02
2.163951599999999871e+03 1.572839999999999918e+02 5.129196666397189269e-02
2.166833700000000135e+03 1.769445000000000050e+02 5.158931388924774264e-02
2.169714300000000094e+03 1.703909999999999911e+02 5.042985540447315201e-02
2.172593199999999797e+03 1.703909999999999911e+02 5.158931388924774264e-02
2.175470600000000104e+03 1.769445000000000050e+02 5.085543134951424349e-02
2.178346399999999903e+03 1.638375000000000057e+02 5.129196666397189269e-02
2.181220699999999852e+03 1.769445000000000050e+02 5.099970236660547607e-02
2.184093299999999999e+03 2.031585000000000036e+02 5.071237781339148210e-02
2.186964500000000044e+03 1.900514999999999759e+02 5.015200284699847938e-02
2.189833999999999833e+03 1.703909999999999911e+02 5.143999573558338118e-02
2.192702000000000226e+03 1.703909999999999911e+02 5.114520823252122900e-02
2.195568400000000111e+03 1.638375000000000057e+02 5.143999573558338118e-02
2.198433300000000145e+03 1.900514999999999759e+02 5.042985540447315201e-02
2.201296600000000126e+03 1.572839999999999918e+02 4.737060067528919838e-02
2.204158300000000054e+03 1.376234999999999786e+02 5.071237781339148210e-02
2.207018500000000131e+03 1.638375000000000057e+02 5.158931388924774264e-02
2.209877199999999903e+03 1.376234999999999786e+02 5.114520823252122900e-02
2.212734199999999873e+03 1.769445000000000050e+02 5.099970236660547607e-02
2.215589800000000196e+03 1.638375000000000057e+02 5.114520823252122900e-02
2.218443699999999808e+03 1.769445000000000050e+02 5.042985540447315201e-02
2.221296200000000226e+03 1.703909999999999911e+02 5.099970236660547607e-02
2.224146999999999935e+03 1.441770000000000209e+02 5.143999573558338118e-02
2.226996299999999792e+03 1.834979999999999905e+02 5.099970236660547607e-02
2.229844099999999798e+03 1.769445000000000050e+02 5.015200284699847938e-02
2.232690300000000207e+03 1.638375000000000057e+02 5.129196666397189269e-02
2.235534999999999854e+03 1.900514999999999759e+02 5.085543134951424349e-02
2.238378099999999904e+03 1.572839999999999918e+02 5.129196666397189269e-02
2.241219700000000103e+03 1.769445000000000050e+02 5.099970236660547607e-02
2.244059699999999793e+03 1.638375000000000057e+02 5.129196666397189269e-02
2.246898200000000088e+03 1.900514999999999759e+02 5.071237781339148210e-02
2.249735200000000077e+03 1.441770000000000209e+02 5.158931388924774264e-02
2.252570600000000013e+03 1.769445000000000050e+02 5.071237781339148210e-02
2.255404500000000098e+03 1.900514999999999759e+02 5.042985540447315201e-02
2.258236800000000130e+03 1.638375000000000057e+02 5.085543134951424349e-02
2.261067599999999857e+03 1.638375000000000057e+02 5.099970236660547607e-02
2.263896799999999985e+03 1.703909999999999911e+02 5.042985540447315201e-02
2.266724600000000009e+03 1.703909999999999911e+02 5.057052473045308555e-02
2.269550799999999981e+03 1.769445000000000050e+02 4.987869289482389085e-02
2.272375399999999900e+03 1.638375000000000057e+02 5.029035346252943434e-02
2.275198499999999967e+03 1.769445000000000050e+02 5.029035346252943434e-02
2.278020100000000184e+03 1.703909999999999911e+02 5.042985540447315201e-02
2.280840200000000095e+03 1.572839999999999918e+02 5.057052473045308555e-02
2.283658699999999953e+03 1.900514999999999759e+02 4.490669018478148783e-02
2.286475699999999961e+03 1.769445000000000050e+02 4.820486405207096564e-02
2.289291200000000117e+03 1.769445000000000050e+02 5.057052473045308555e-02
2.292105199999999968e+03 1.900514999999999759e+02 4.960980310365376011e-02
2.294917600000000220e+03 1.310699999999999932e+02 5.129196666397189269e-02
2.297728500000000167e+03 1.834979999999999905e+02 5.029035346252943434e-02
2.300537899999999809e+03 1.638375000000000057e+02 5.029035346252943434e-02
2.303345699999999852e+03 1.834979999999999905e+02 5.029035346252943434e-02
2.306152099999999791e+03 1.769445000000000050e+02 5.015200284699847938e-02
2.308956900000000132e+03 1.966050000000000182e+02 5.015200284699847938e-02
2.311760200000000168e+03 1.703909999999999911e+02 4.987869289482389085e-02
2.314561999999999898e+03 1.834979999999999905e+02 5.029035346252943434e-02
2.317362200000000030e+03 2.031585000000000036e+02 4.987869289482389085e-02
2.320161000000000058e+03 1.638375000000000057e+02 5.042985540447315201e-02
2.322958200000000033e+03 1.769445000000000050e+02 5.042985540447315201e-02
2.325753999999999905e+03 1.572839999999999918e+02 5.001478780779170658e-02
2.328548200000000179e+03 1.900514999999999759e+02 4.908481686679500716e-02
2.331340900000000147e+03 2.031585000000000036e+02 4.960980310365376011e-02
2.334132099999999809e+03 1.703909999999999911e+02 5.015200284699847938e-02
2.336921800000000076e+03 1.834979999999999905e+02 4.960980310365376011e-02
2.339709899999999834e+03 1.769445000000000050e+02 5.042985540447315201e-02
2.342496599999999944e+03 1.703909999999999911e+02 5.029035346252943434e-02
2.345281800000000203e+03 1.834979999999999905e+02 4.987869289482389085e-02
2.348065399999999954e+03 1.703909999999999911e+02 4.974370295070591058e-02
2.350847600000000057e+03 1.769445000000000050e+02 5.015200284699847938e-02
2.353628200000000106e+03 1.834979999999999905e+02 4.947697876060643679e-02
2.356407400000000052e+03 1.769445000000000050e+02 4.987869289482389085e-02
2.359184999999999945e+03 1.769445000000000050e+02 5.015200284699847938e-02
2.361961099999999988e+03 1.900514999999999759e+02 4.974370295070591058e-02
2.364735799999999927e+03 2.031585000000000036e+02 4.960980310365376011e-02
2.367508899999999812e+03 1.966050000000000182e+02 4.947697876060643679e-02
2.370280600000000049e+03 2.031585000000000036e+02 4.974370295070591058e-02
2.373050799999999981e+03 1.376234999999999786e+02 5.114520823252122900e-02
2.375819399999999860e+03 1.703909999999999911e+02 5.029035346252943434e-02
2.378586600000000089e+03 1.966050000000000182e+02 4.934521560054553474e-02
2.381352300000000014e+03 1.966050000000000182e+02 4.960980310365376011e-02
2.384116399999999885e+03 1.834979999999999905e+02 5.015200284699847938e-02
2.386879100000000108e+03 1.834979999999999905e+02 4.974370295070591058e-02
2.389640300000000025e+03 1.638375000000000057e+02 5.071237781339148210e-02
2.392400099999999838e+03 1.703909999999999911e+02 5.029035346252943434e-02
2.395158300000000054e+03 1.900514999999999759e+02 4.987869289482389085e-02
2.397914999999999964e+03 2.031585000000000036e+02 4.882849753329315812e-02
2.400670300000000225e+03 1.900514999999999759e+02 4.974370295070591058e-02
2.403424100000000180e+03 2.097120000000000175e+02 4.947697876060643679e-02
2.406176300000000083e+03 1.966050000000000182e+02 4.960980310365376011e-02
2.408927099999999882e+03 1.769445000000000050e+02 4.960980310365376011e-02
2.411676500000000033e+03 2.031585000000000036e+02 4.921449956800932890e-02
2.414424300000000130e+03 1.966050000000000182e+02 4.908481686679500716e-02
2.417170700000000124e+03 1.834979999999999905e+02 4.960980310365376011e-02
2.419915599999999813e+03 1.638375000000000057e+02 4.947697876060643679e-02
2.422659000000000106e+03 1.900514999999999759e+02 4.870183455071955270e-02
2.425400900000000092e+03 1.834979999999999905e+02 4.974370295070591058e-02
2.428141399999999976e+03 1.834979999999999905e+02 4.960980310365376011e-02
2.430880299999999806e+03 1.900514999999999759e+02 4.947697876060643679e-02
2.433617799999999988e+03 1.966050000000000182e+02 4.921449956800932890e-02
2.436353900000000067e+03 1.900514999999999759e+02 4.857615218751694386e-02
2.439088400000000092e+03 1.834979999999999905e+02 4.921449956800932890e-02
2.441821500000000015e+03 1.900514999999999759e+02 4.921449956800932890e-02
2.444553199999999833e+03 1.966050000000000182e+02 4.895615395384239621e-02
2.447283300000000054e+03 1.966050000000000182e+02 4.921449956800932890e-02
2.450012000000000171e+03 1.966050000000000182e+02 4.934521560054553474e-02
2.452739199999999983e+03 1.703909999999999911e+02 4.947697876060643679e-02
2.455465000000000146e+03 2.162655000000000030e+02 4.870183455071955270e-02
2.458189300000000003e+03 1.966050000000000182e+02 4.960980310365376011e-02
2.460912100000000009e+03 2.031585000000000036e+02 4.908481686679500716e-02
2.463633499999999913e+03 1.900514999999999759e+02 4.895615395384239621e-02
2.466353399999999965e+03 2.228189999999999884e+02 4.870183455071955270e-02
2.469071800000000167e+03 1.966050000000000182e+02 4.870183455071955270e-02
2.471788799999999810e+03 2.031585000000000036e+02 4.908481686679500716e-02
2.474504300000000057e+03 2.031585000000000036e+02 4.895615395384239621e-02
2.477218400000000202e+03 2.228189999999999884e+02 4.857615218751694386e-02
2.479931000000000040e+03 2.293725000000000023e+02 4.870183455071955270e-02
2.482642100000000028e+03 1.834979999999999905e+02 4.921449956800932890e-02
2.485351799999999912e+03 1.834979999999999905e+02 4.921449956800932890e-02
2.488060100000000148e+03 2.097120000000000175e+02 4.857615218751694386e-02
2.490766900000000078e+03 2.031585000000000036e+02 4.882849753329315812e-02
2.493472200000000157e+03 1.703909999999999911e+02 4.960980310365376011e-02
2.496176100000000133e+03 1.966050000000000182e+02 4.934521560054553474e-02
2.498878499999999804e+03 2.097120000000000175e+02 4.870183455071955270e-02
2.501579499999999825e+03 2.228189999999999884e+02 4.908481686679500716e-02
2.504279100000000199e+03 2.097120000000000175e+02 4.895615395384239621e-02
2.506977199999999812e+03 2.162655000000000030e+02 4.870183455071955270e-02
2.509673800000000028e+03 2.228189999999999884e+02 4.845143785545469317e-02
2.512369000000000142e+03 2.162655000000000030e+02 4.908481686679500716e-02
2.515062800000000152e+03 2.097120000000000175e+02 4.934521560054553474e-02
2.517755099999999857e+03 2.031585000000000036e+02 4.895615395384239621e-02
2.520445999999999913e+03 2.097120000000000175e+02 4.921449956800932890e-02
2.523135400000000118e+03 1.966050000000000182e+02 4.947697876060643679e-02
2.525823400000000220e+03 2.097120000000000175e+02 4.908481686679500716e-02
2.528510000000000218e+03 2.097120000000000175e+02 4.870183455071955270e-02
2.531195099999999911e+03 2.228189999999999884e+02 4.908481686679500716e-02
2.533878799999999956e+03 1.966050000000000182e+02 4.934521560054553474e-02
2.536561000000000149e+03 1.834979999999999905e+02 4.934521560054553474e-02
2.539241799999999785e+03 2.031585000000000036e+02 4.908481686679500716e-02
2.541921200000000226e+03 2.293725000000000023e+02 4.870183455071955270e-02
2.544599099999999908e+03 2.228189999999999884e+02 4.857615218751694386e-02
2.547275700000000143e+03 1.966050000000000182e+02 4.934521560054553474e-02
2.549950699999999870e+03 1.966050000000000182e+02 4.882849753329315812e-02
2.552624400000000151e+03 2.359259999999999877e+02 4.680053658246008386e-02
2.555296600000000126e+03 2.293725000000000023e+02 4.832767919138019480e-02
2.557967399999999998e+03 2.359259999999999877e+02 4.808298050922980155e-02
2.560636800000000221e+03 2.686935000000000286e+02 4.784196154532611989e-02
2.563304700000000139e+03 2.293725000000000023e+02 4.571954693728050301e-02
2.565971199999999953e+03 2.359259999999999877e+02 4.820486405207096564e-02
2.568636300000000119e+03 2.424795000000000016e+02 4.796201684461862125e-02
2.571300000000000182e+03 2.555865000000000009e+02 4.796201684461862125e-02
2.573962199999999939e+03 2.359259999999999877e+02 4.845143785545469317e-02
2.576623000000000047e+03 2.424795000000000016e+02 4.820486405207096564e-02
2.579282400000000052e+03 2.293725000000000023e+02 4.857615218751694386e-02
2.581940399999999954e+03 2.293725000000000023e+02 4.808298050922980155e-02
2.584596900000000005e+03 2.293725000000000023e+02 4.832767919138019480e-02
2.587252100000000155e+03 2.490329999999999870e+02 4.796201684461862125e-02
2.589905799999999999e+03 2.031585000000000036e+02 4.921449956800932890e-02
2.592558100000000195e+03 2.293725000000000023e+02 4.832767919138019480e-02
2.595208999999999833e+03 2.424795000000000016e+02 4.796201684461862125e-02
2.597858499999999822e+03 2.490329999999999870e+02 4.784196154532611989e-02
2.600506499999999960e+03 2.359259999999999877e+02 4.870183455071955270e-02
2.603153200000000197e+03 2.490329999999999870e+02 4.820486405207096564e-02
2.605798400000000129e+03 2.359259999999999877e+02 4.820486405207096564e-02
2.608442300000000159e+03 2.293725000000000023e+02 4.870183455071955270e-02
2.611084699999999884e+03 2.359259999999999877e+02 4.857615218751694386e-02
2.613725699999999961e+03 2.555865000000000009e+02 4.832767919138019480e-02
2.616365299999999934e+03 2.293725000000000023e+02 4.857615218751694386e-02
2.619003499999999804e+03 2.686935000000000286e+02 4.760453099019565371e-02
2.621640300000000025e+03 2.555865000000000009e+02 4.796201684461862125e-02
2.624275700000000143e+03 2.424795000000000016e+02 4.845143785545469317e-02
2.626909700000000157e+03 2.293725000000000023e+02 4.882849753329315812e-02
2.629542199999999866e+03 2.293725000000000023e+02 4.870183455071955270e-02
2.632173400000000129e+03 2.293725000000000023e+02 4.870183455071955270e-02
2.634803199999999833e+03 2.752469999999999573e+02 4.820486405207096564e-02
2.637431599999999889e+03 2.359259999999999877e+02 4.870183455071955270e-02
2.640058599999999842e+03 2.359259999999999877e+02 4.857615218751694386e-02
2.642684099999999944e+03 2.293725000000000023e+02 4.832767919138019480e-02
2.645308300000000145e+03 2.228189999999999884e+02 4.908481686679500716e-02
2.647931099999999788e+03 2.097120000000000175e+02 4.908481686679500716e-02
2.650552499999999782e+03 2.490329999999999870e+02 4.796201684461862125e-02
2.653172500000000127e+03 2.359259999999999877e+02 4.845143785545469317e-02
2.655791099999999915e+03 2.293725000000000023e+02 4.882849753329315812e-02
2.658408300000000054e+03 2.228189999999999884e+02 4.857615218751694386e-02
2.661024100000000089e+03 2.293725000000000023e+02 4.870183455071955270e-02
2.663638500000000022e+03 2.293725000000000023e+02 4.870183455071955270e-02
2.666251600000000053e+03 2.162655000000000030e+02 4.960980310365376011e-02
2.668863199999999779e+03 2.228189999999999884e+02 4.882849753329315812e-02
2.671473500000000058e+03 1.966050000000000182e+02 4.987869289482389085e-02
2.674082399999999780e+03 2.162655000000000030e+02 5.001478780779170658e-02
2.676689800000000105e+03 2.228189999999999884e+02 4.947697876060643679e-02
2.679295999999999822e+03 1.966050000000000182e+02 5.015200284699847938e-02
2.681900700000000143e+03 2.359259999999999877e+02 4.921449956800932890e-02
2.684503999999999905e+03 2.293725000000000023e+02 4.947697876060643679e-02
2.687105900000000020e+03 2.031585000000000036e+02 5.042985540447315201e-02
2.689706499999999778e+03 2.359259999999999877e+02 4.934521560054553474e-02
2.692305699999999888e+03 2.162655000000000030e+02 5.001478780779170658e-02
2.694903499999999894e+03 1.900514999999999759e+02 5.057052473045308555e-02
2.697499899999999798e+03 2.097120000000000175e+02 5.015200284699847938e-02
2.700094999999999800e+03 2.293725000000000023e+02 4.974370295070591058e-02
2.702688700000000154e+03 2.162655000000000030e+02 4.974370295070591058e-02
2.705280999999999949e+03 2.162655000000000030e+02 4.987869289482389085e-02
2.707871900000000096e+03 1.966050000000000182e+02 4.960980310365376011e-02
2.710461400000000140e+03 2.097120000000000175e+02 4.987869289482389085e-02
2.713049599999999828e+03 2.162655000000000030e+02 5.001478780779170658e-02
2.715636399999999867e+03 2.293725000000000023e+02 4.870183455071955270e-02
2.718221799999999803e+03 2.162655000000000030e+02 5.001478780779170658e-02
2.720805899999999838e+03 1.966050000000000182e+02 5.015200284699847938e-02
2.723388600000000224e+03 2.228189999999999884e+02 4.974370295070591058e-02
2.725969900000000052e+03 1.966050000000000182e+02 5.057052473045308555e-02
2.728549899999999980e+03 2.031585000000000036e+02 4.960980310365376011e-02
2.731128400000000056e+03 2.031585000000000036e+02 5.042985540447315201e-02
2.733705699999999979e+03 1.834979999999999905e+02 5.015200284699847938e-02
2.736281500000000051e+03 1.834979999999999905e+02 5.085543134951424349e-02
2.738856000000000222e+03 1.834979999999999905e+02 5.057052473045308555e-02
2.741429099999999835e+03 2.097120000000000175e+02 5.042985540447315201e-02
2.744000900000000001e+03 1.769445000000000050e+02 5.099970236660547607e-02
2.746571300000000065e+03 1.966050000000000182e+02 5.015200284699847938e-02
2.749140300000000025e+03 1.900514999999999759e+02 5.071237781339148210e-02
2.751708000000000084e+03 1.769445000000000050e+02 5.114520823252122900e-02
2.754274300000000039e+03 1.834979999999999905e+02 5.085543134951424349e-02
2.756839300000000094e+03 1.966050000000000182e+02 5.042985540447315201e-02
2.759402900000000045e+03 1.703909999999999911e+02 5.158931388924774264e-02
2.761965200000000095e+03 1.900514999999999759e+02 5.029035346252943434e-02
2.764525999999999840e+03 1.900514999999999759e+02 5.071237781339148210e-02
2.767085599999999886e+03 1.572839999999999918e+02 5.143999573558338118e-02
2.769643799999999828e+03 1.769445000000000050e+02 5.099970236660547607e-02
2.772200600000000122e+03 1.966050000000000182e+02 5.015200284699847938e-02
2.774756100000000060e+03 1.834979999999999905e+02 5.085543134951424349e-02
2.777310199999999895e+03 2.162655000000000030e+02 5.015200284699847938e-02
2.779862999999999829e+03 1.703909999999999911e+02 5.085543134951424349e-02
2.782414400000000114e+03 1.834979999999999905e+02 5.071237781339148210e-02
2.784964500000000044e+03 1.900514999999999759e+02 5.071237781339148210e-02
2.787513199999999870e+03 1.966050000000000182e+02 4.987869289482389085e-02
2.790060599999999795e+03 1.900514999999999759e+02 5.071237781339148210e-02
2.792606699999999819e+03 2.031585000000000036e+02 5.029035346252943434e-02
2.795151400000000194e+03 2.162655000000000030e+02 5.029035346252943434e-02
2.797694700000000012e+03 1.900514999999999759e+02 5.015200284699847938e-02
2.800236699999999928e+03 1.966050000000000182e+02 4.974370295070591058e-02
2.802777399999999943e+03 1.769445000000000050e+02 5.085543134951424349e-02
2.805316699999999855e+03 2.097120000000000175e+02 5.029035346252943434e-02
2.807854699999999866e+03 2.097120000000000175e+02 5.071237781339148210e-02
2.810391299999999774e+03 1.834979999999999905e+02 5.114520823252122900e-02
2.812926599999999780e+03 1.834979999999999905e+02 5.129196666397189269e-02
2.815460599999999886e+03 1.769445000000000050e+02 5.143999573558338118e-02
2.817993199999999888e+03 1.769445000000000050e+02 5.099970236660547607e-02
2.820524499999999989e+03 1.769445000000000050e+02 5.143999573558338118e-02
2.823054500000000189e+03 1.769445000000000050e+02 5.057052473045308555e-02
2.825583099999999831e+03 1.769445000000000050e+02 5.114520823252122900e-02
2.828110400000000027e+03 1.834979999999999905e+02 5.071237781339148210e-02
2.830636399999999867e+03 1.769445000000000050e+02 5.143999573558338118e-02
2.833161000000000058e+03 1.507305000000000064e+02 5.189189310485069206e-02
2.835684299999999894e+03 1.572839999999999918e+02 5.173993994377396738e-02
2.838206299999999828e+03 1.572839999999999918e+02 5.158931388924774264e-02
2.840726900000000114e+03 2.228189999999999884e+02 4.987869289482389085e-02
2.843246200000000044e+03 1.834979999999999905e+02 5.057052473045308555e-02
2.845764200000000073e+03 1.703909999999999911e+02 5.099970236660547607e-02
2.848280900000000202e+03 1.638375000000000057e+02 5.143999573558338118e-02
2.850796200000000226e+03 1.638375000000000057e+02 5.143999573558338118e-02
2.853310199999999895e+03 1.900514999999999759e+02 5.001478780779170658e-02
2.855822900000000118e+03 1.900514999999999759e+02 5.029035346252943434e-02
2.858334199999999782e+03 2.031585000000000036e+02 5.057052473045308555e-02
2.860844300000000203e+03 1.638375000000000057e+02 5.042985540447315201e-02
2.863353000000000065e+03 1.769445000000000050e+02 5.029035346252943434e-02
2.865860400000000027e+03 1.966050000000000182e+02 5.042985540447315201e-02
2.868366399999999885e+03 1.966050000000000182e+02 4.947697876060643679e-02
2.870871200000000044e+03 2.228189999999999884e+02 5.015200284699847938e-02
2.873374600000000100e+03 1.900514999999999759e+02 5.057052473045308555e-02
2.875876699999999801e+03 2.031585000000000036e+02 5.042985540447315201e-02
2.878377500000000055e+03 2.031585000000000036e+02 5.029035346252943434e-02
2.880876999999999953e+03 1.966050000000000182e+02 5.071237781339148210e-02
2.883375199999999950e+03 2.097120000000000175e+02 5.015200284699847938e-02
2.885872100000000046e+03 2.162655000000000030e+02 5.042985540447315201e-02
2.888367600000000039e+03 2.031585000000000036e+02 5.015200284699847938e-02
2.890861800000000130e+03 1.900514999999999759e+02 5.099970236660547607e-02
2.893354800000000068e+03 1.966050000000000182e+02 5.042985540447315201e-02
2.895846399999999903e+03 2.293725000000000023e+02 5.015200284699847938e-02
2.898336699999999837e+03 1.966050000000000182e+02 5.042985540447315201e-02
2.900825699999999870e+03 1.638375000000000057e+02 5.158931388924774264e-02
2.903313400000000001e+03 2.031585000000000036e+02 5.057052473045308555e-02
2.905799700000000030e+03 1.769445000000000050e+02 5.001478780779170658e-02
2.908284799999999905e+03 1.966050000000000182e+02 4.960980310365376011e-02
2.910768599999999878e+03 1.900514999999999759e+02 5.085543134951424349e-02
2.913251000000000204e+03 1.966050000000000182e+02 5.029035346252943434e-02
2.915732199999999921e+03 2.031585000000000036e+02 4.987869289482389085e-02
2.918212100000000191e+03 2.293725000000000023e+02 4.987869289482389085e-02
2.920690599999999904e+03 1.966050000000000182e+02 4.947697876060643679e-02
2.923167899999999918e+03 2.031585000000000036e+02 5.015200284699847938e-02
2.925643799999999828e+03 1.966050000000000182e+02 4.974370295070591058e-02
2.928118500000000040e+03 1.900514999999999759e+02 5.071237781339148210e-02
2.930591800000000148e+03 1.966050000000000182e+02 5.042985540447315201e-02
2.933063900000000103e+03 1.900514999999999759e+02 4.960980310365376011e-02
2.935534700000000157e+03 1.900514999999999759e+02 5.029035346252943434e-02
2.938004100000000108e+03 1.966050000000000182e+02 5.029035346252943434e-02
2.940472299999999905e+03 1.703909999999999911e+02 5.085543134951424349e-02
2.942939199999999801e+03 2.031585000000000036e+02 4.960980310365376011e-02
2.945404700000000048e+03 1.703909999999999911e+02 5.001478780779170658e-02
2.947869000000000142e+03 1.900514999999999759e+02 5.015200284699847938e-02
2.950331999999999880e+03 1.900514999999999759e+02 5.071237781339148210e-02
2.952793700000000172e+03 1.966050000000000182e+02 5.042985540447315201e-02
2.955254199999999855e+03 1.966050000000000182e+02 5.085543134951424349e-02
2.957713299999999890e+03 1.638375000000000057e+02 5.143999573558338118e-02
2.960171100000000024e+03 1.507305000000000064e+02 5.099970236660547607e-02
2.962627700000000004e+03 1.572839999999999918e+02 5.204519297533252709e-02
2.965082899999999881e+03 1.703909999999999911e+02 5.129196666397189269e-02
2.967536900000000060e+03 1.769445000000000050e+02 5.114520823252122900e-02
2.969989599999999882e+03 1.834979999999999905e+02 5.071237781339148210e-02
2.972440999999999804e+03 1.769445000000000050e+02 5.158931388924774264e-02
2.974891099999999824e+03 1.638375000000000057e+02 5.143999573558338118e-02
2.977340000000000146e+03 1.441770000000000209e+02 5.219985956586272596e-02
2.979787499999999909e+03 1.441770000000000209e+02 5.204519297533252709e-02
2.982233799999999974e+03 1.245164999999999935e+02 5.267226611397279878e-02
2.984678800000000138e+03 1.834979999999999905e+02 5.143999573558338118e-02
2.987122499999999945e+03 1.572839999999999918e+02 5.173993994377396738e-02
2.989565000000000055e+03 1.507305000000000064e+02 5.173993994377396738e-02
2.992006100000000060e+03 1.507305000000000064e+02 5.219985956586272596e-02
2.994445999999999913e+03 1.441770000000000209e+02 5.204519297533252709e-02
2.996884599999999864e+03 1.507305000000000064e+02 5.219985956586272596e-02
2.999322000000000116e+03 1.441770000000000209e+02 5.235591330584518643e-02
3.001757999999999811e+03 1.441770000000000209e+02 5.204519297533252709e-02
3.004192799999999806e+03 1.245164999999999935e+02 5.283260823864486394e-02
3.006626299999999901e+03 1.507305000000000064e+02 5.204519297533252709e-02
3.009058500000000095e+03 1.376234999999999786e+02 5.189189310485069206e-02
3.011489500000000135e+03 1.310699999999999932e+02 5.235591330584518643e-02
3.013919199999999819e+03 1.507305000000000064e+02 4.737060067528919838e-02
3.016347600000000057e+03 1.441770000000000209e+02 5.267226611397279878e-02
3.018774800000000141e+03 1.441770000000000209e+02 5.315773505036236468e-02
3.021200699999999870e+03 1.507305000000000064e+02 5.267226611397279878e-02
3.023625300000000152e+03 1.507305000000000064e+02 5.219985956586272596e-02
3.026048699999999826e+03 1.441770000000000209e+02 5.348893909614004655e-02
3.028470800000000054e+03 1.310699999999999932e+02 5.315773505036236468e-02
3.030891599999999926e+03 1.310699999999999932e+02 5.365687966352255395e-02
3.033311200000000099e+03 1.179629999999999939e+02 5.399756168715909299e-02
3.035729499999999916e+03 1.048560000000000088e+02 5.129196666397189269e-02
3.038146499999999833e+03 1.179629999999999939e+02 5.382641209121451914e-02
3.040562300000000050e+03 1.179629999999999939e+02 5.452097516665196236e-02
3.042976799999999912e+03 1.245164999999999935e+02 5.365687966352255395e-02
3.045389999999999873e+03 1.376234999999999786e+02 5.382641209121451914e-02
3.047802000000000135e+03 1.048560000000000088e+02 5.452097516665196236e-02
3.050212799999999788e+03 1.179629999999999939e+02 5.365687966352255395e-02
3.052622199999999793e+03 1.114094999999999942e+02 5.365687966352255395e-02
3.055030499999999847e+03 1.048560000000000088e+02 5.417035432620166679e-02
3.057437399999999798e+03 1.179629999999999939e+02 5.332256563215621165e-02
3.059843199999999797e+03 1.245164999999999935e+02 5.365687966352255395e-02
3.062247600000000148e+03 1.179629999999999939e+02 5.452097516665196236e-02
3.064650799999999890e+03 1.245164999999999935e+02 5.365687966352255395e-02
3.067052799999999934e+03 1.048560000000000088e+02 5.487849358864093502e-02
3.069453500000000076e+03 1.114094999999999942e+02 5.524313875350752440e-02
3.071852899999999863e+03 1.048560000000000088e+02 5.542820841345545702e-02
3.074251099999999951e+03 8.519549999999999557e+01 5.580399718090645750e-02
3.076648000000000138e+03 1.245164999999999935e+02 5.487849358864093502e-02
3.079043700000000172e+03 9.174899999999999523e+01 5.561515062516764890e-02
3.081438200000000052e+03 1.114094999999999942e+02 5.542820841345545702e-02
3.083831400000000031e+03 7.864199999999999591e+01 5.542820841345545702e-02
3.086223399999999856e+03 8.519549999999999557e+01 5.638229238994357101e-02
3.088614099999999780e+03 1.245164999999999935e+02 5.542820841345545702e-02
3.091003499999999804e+03 1.048560000000000088e+02 5.561515062516764890e-02
3.093391799999999876e+03 1.179629999999999939e+02 5.542820841345545702e-02
3.095778699999999844e+03 1.048560000000000088e+02 5.524313875350752440e-02
3.098164499999999862e+03 9.830250000000000909e+01 5.469885810310497198e-02
3.100548999999999978e+03 9.174899999999999523e+01 5.618753432132081449e-02
3.102932200000000194e+03 1.245164999999999935e+02 5.599478063378132003e-02
3.105314199999999801e+03 9.830250000000000909e+01 5.738740348215528447e-02
3.107695000000000164e+03 1.179629999999999939e+02 5.580399718090645750e-02
3.110074500000000171e+03 9.174899999999999523e+01 5.780477191556847999e-02
3.112452800000000025e+03 7.864199999999999591e+01 5.823138118593296220e-02
3.114829900000000180e+03 9.830250000000000909e+01 5.657908982036868178e-02
3.117205699999999979e+03 8.519549999999999557e+01 5.801690023179938843e-02
3.119580300000000079e+03 1.048560000000000088e+02 5.738740348215528447e-02
3.121953700000000026e+03 8.519549999999999557e+01 5.780477191556847999e-02
3.124325800000000072e+03 9.174899999999999523e+01 5.677796245400869302e-02
3.126696699999999964e+03 1.048560000000000088e+02 5.780477191556847999e-02
3.129066299999999956e+03 9.830250000000000909e+01 5.801690023179938843e-02
3.131434699999999793e+03 7.864199999999999591e+01 5.844825858908214017e-02
3.133801899999999932e+03 9.174899999999999523e+01 5.823138118593296220e-02
3.136167899999999918e+03 9.830250000000000909e+01 5.780477191556847999e-02
3.138532600000000002e+03 7.864199999999999591e+01 5.980245193165763945e-02
3.140896099999999933e+03 8.519549999999999557e+01 5.866757740313278263e-02
3.143258400000000165e+03 9.830250000000000909e+01 5.888938377990093898e-02
3.145619400000000041e+03 9.174899999999999523e+01 5.957020852253055998e-02
3.147979299999999967e+03 9.174899999999999523e+01 5.015200284699847938e-02
3.150337899999999991e+03 6.553499999999999659e+01 6.100584117714331206e-02
3.152695200000000114e+03 7.864199999999999591e+01 6.051582648536778936e-02
3.155051399999999830e+03 6.553499999999999659e+01 6.100584117714331206e-02
3.157406300000000101e+03 9.830250000000000909e+01 5.738740348215528447e-02
3.159760000000000218e+03 8.519549999999999557e+01 6.051582648536778936e-02
3.162112500000000182e+03 5.898149999999999693e+01 6.202267523143970701e-02
3.164463799999999992e+03 7.864199999999999591e+01 6.075935192194648060e-02
3.166813799999999901e+03 6.553499999999999659e+01 6.125535486133146940e-02
3.169162600000000111e+03 9.830250000000000909e+01 5.980245193165763945e-02
3.171510200000000168e+03 8.519549999999999557e+01 6.125535486133146940e-02
3.173856600000000071e+03 7.208850000000001046e+01 6.202267523143970701e-02
3.176201799999999821e+03 7.208850000000001046e+01 6.255053730465987005e-02
3.178545700000000124e+03 7.864199999999999591e+01 6.100584117714331206e-02
