-3.075250000000000128e+01 7.470990000000000464e+02 3.685607008055883510e-02
-2.660050000000000026e+01 7.470990000000000464e+02 3.685607008055883510e-02
-2.245090000000000074e+01 7.470990000000000464e+02 3.685607008055883510e-02
-1.830389999999999873e+01 7.470990000000000464e+02 3.685607008055883510e-02
-1.415949999999999953e+01 7.470990000000000464e+02 3.685607008055883510e-02
-1.001759999999999984e+01 7.470990000000000464e+02 3.685607008055883510e-02
-5.878199999999999648e+00 7.470990000000000464e+02 3.685607008055883510e-02
-1.741400000000000059e+00 7.470990000000000464e+02 3.685607008055883510e-02
2.392900000000000027e+00 7.470990000000000464e+02 3.685607008055883510e-02
6.524700000000000166e+00 7.470990000000000464e+02 3.685607008055883510e-02
1.065390000000000015e+01 7.470990000000000464e+02 3.685607008055883510e-02
1.478059999999999974e+01 7.470990000000000464e+02 3.685607008055883510e-02
1.890480000000000160e+01 7.470990000000000464e+02 3.685607008055883510e-02
2.302649999999999864e+01 7.470990000000000464e+02 3.685607008055883510e-02
2.714560000000000173e+01 7.470990000000000464e+02 3.685607008055883510e-02
3.126219999999999999e+01 7.470990000000000464e+02 3.685607008055883510e-02
3.537639999999999674e+01 7.470990000000000464e+02 3.685607008055883510e-02
3.948790000000000333e+01 7.470990000000000464e+02 3.685607008055883510e-02
4.359700000000000131e+01 7.470990000000000464e+02 3.685607008055883510e-02
4.770360000000000156e+01 7.470990000000000464e+02 3.685607008055883510e-02
5.180769999999999698e+01 7.470990000000000464e+02 3.685607008055883510e-02
5.590919999999999845e+01 7.470990000000000464e+02 3.685607008055883510e-02
6.000829999999999842e+01 7.470990000000000464e+02 3.685607008055883510e-02
6.410479999999999734e+01 7.470990000000000464e+02 3.685607008055883510e-02
6.819889999999999475e+01 7.470990000000000464e+02 3.685607008055883510e-02
7.229040000000000532e+01 7.470990000000000464e+02 3.685607008055883510e-02
7.637949999999999307e+01 7.470990000000000464e+02 3.685607008055883510e-02
8.046609999999999729e+01 7.470990000000000464e+02 3.685607008055883510e-02
8.455010000000000048e+01 7.470990000000000464e+02 3.685607008055883510e-02
8.863169999999999504e+01 7.470990000000000464e+02 3.685607008055883510e-02
9.271080000000000609e+01 7.470990000000000464e+02 3.685607008055883510e-02
9.678740000000000521e+01 7.470990000000000464e+02 3.685607008055883510e-02
1.008615999999999957e+02 7.470990000000000464e+02 3.685607008055883510e-02
1.049331999999999994e+02 7.470990000000000464e+02 3.685607008055883510e-02
1.090023999999999944e+02 7.470990000000000464e+02 3.685607008055883510e-02
1.130691000000000059e+02 7.470990000000000464e+02 3.685607008055883510e-02
1.171333000000000055e+02 7.470990000000000464e+02 3.685607008055883510e-02
1.211949999999999932e+02 7.470990000000000464e+02 3.685607008055883510e-02
1.252543000000000006e+02 7.470990000000000464e+02 3.685607008055883510e-02
1.293111000000000104e+02 7.470990000000000464e+02 3.685607008055883510e-02
1.333653999999999940e+02 7.470990000000000464e+02 3.685607008055883510e-02
1.374173000000000116e+02 7.470990000000000464e+02 3.685607008055883510e-02
1.414667000000000030e+02 7.470990000000000464e+02 3.685607008055883510e-02
1.455137000000000000e+02 7.470990000000000464e+02 3.685607008055883510e-02
1.495581999999999994e+02 7.470990000000000464e+02 3.685607008055883510e-02
1.536002000000000010e+02 7.470990000000000464e+02 3.685607008055883510e-02
1.576398000000000081e+02 7.470990000000000464e+02 3.685607008055883510e-02
1.616768999999999892e+02 7.470990000000000464e+02 3.685607008055883510e-02
1.657116000000000042e+02 7.470990000000000464e+02 3.685607008055883510e-02
1.697437999999999931e+02 7.470990000000000464e+02 3.685607008055883510e-02
1.737735999999999876e+02 7.470990000000000464e+02 3.685607008055883510e-02
1.778009000000000128e+02 7.470990000000000464e+02 3.685607008055883510e-02
1.818257999999999868e+02 8.519549999999999272e+02 3.621689900246835569e-02
1.858481999999999914e+02 8.650620000000000118e+02 3.741537472419547566e-02
1.898683000000000050e+02 6.750104999999999791e+02 4.228671929245766958e-02
1.938857999999999890e+02 8.060805000000000291e+02 3.939244773617265466e-02
1.979010000000000105e+02 9.371504999999999654e+02 3.713256360422702990e-02
2.019137000000000057e+02 9.043830000000000382e+02 4.014808227318474032e-02
2.059240000000000066e+02 1.192737000000000080e+03 3.741537472419547566e-02
2.099318000000000097e+02 1.343467499999999973e+03 3.546282130319966530e-02
2.139371999999999900e+02 1.441769999999999982e+03 3.536579561849577391e-02
2.179402000000000044e+02 1.710463500000000067e+03 3.366148667837249447e-02
2.219407999999999959e+02 1.913622000000000071e+03 3.221845279425346320e-02
2.259388999999999896e+02 2.129887500000000273e+03 3.072225617590483571e-02
2.299346999999999923e+02 2.228190000000000055e+03 3.044111116216410839e-02
2.339279999999999973e+02 2.536204499999999825e+03 2.903514910923280304e-02
2.379189000000000078e+02 2.745916499999999814e+03 2.824021698266562450e-02
2.419073999999999955e+02 2.837665500000000065e+03 2.811801728788655350e-02
2.458934999999999889e+02 3.080144999999999982e+03 2.717240823326096122e-02
2.498771000000000129e+02 3.519229499999999916e+03 2.514517673126471717e-02
2.538583999999999889e+02 3.493015499999999975e+03 2.559088985625626242e-02
2.578373000000000275e+02 3.525782999999999902e+03 2.598418673021757677e-02
2.618136999999999830e+02 3.774815999999999804e+03 2.492242120186054580e-02
2.657878000000000043e+02 3.801030000000000200e+03 2.497330064482033984e-02
2.697594000000000278e+02 3.787922999999999774e+03 2.526762353338665376e-02
2.737287000000000035e+02 3.892778999999999996e+03 2.483830884178311535e-02
2.776954999999999814e+02 3.925546499999999924e+03 2.490553036887869706e-02
2.816600000000000250e+02 4.010741999999999734e+03 2.447807697692119810e-02
2.856220999999999890e+02 3.991081500000000233e+03 2.455857070609649556e-02
2.895817999999999870e+02 4.043509499999999662e+03 2.447807697692119810e-02
2.935391000000000190e+02 4.050063000000000102e+03 2.455857070609649556e-02
2.974940000000000282e+02 3.997634999999999764e+03 2.483830884178311535e-02
3.014465000000000146e+02 4.023849000000000160e+03 2.414844371034519099e-02
3.053967000000000098e+02 4.168025999999999840e+03 2.414844371034519099e-02
3.093444000000000074e+02 4.181132999999999811e+03 2.427244166916203358e-02
3.132898000000000138e+02 4.135258499999999913e+03 2.447807697692119810e-02
3.172327999999999975e+02 4.122151499999999942e+03 2.468902883889616262e-02
3.211734999999999900e+02 4.194239999999999782e+03 2.449411240410903287e-02
3.251116999999999848e+02 4.168025999999999840e+03 2.452627802847822530e-02
3.290475999999999885e+02 4.187686499999999796e+03 2.431943579189894261e-02
3.329812000000000012e+02 4.200793500000000677e+03 2.452627802847822530e-02
3.369123000000000161e+02 4.305649499999999534e+03 2.422571892772734659e-02
3.408410999999999831e+02 4.351524000000000342e+03 2.410243202603548282e-02
3.447676000000000158e+02 4.272881999999999607e+03 2.424126318272920230e-02
3.486917000000000257e+02 4.351524000000000342e+03 2.416383959569009740e-02
3.526134000000000128e+02 4.351524000000000342e+03 2.419471991448282622e-02
3.565326999999999771e+02 4.403951999999999316e+03 2.347056063427619896e-02
3.604497000000000071e+02 4.397398500000000240e+03 2.386140164958258300e-02
3.643643999999999892e+02 4.423612500000000182e+03 2.392098077266305994e-02
3.682767000000000053e+02 4.515361499999999978e+03 2.349885547352492665e-02
3.721866999999999734e+02 4.580896499999999833e+03 2.355575351196037906e-02
3.760942999999999756e+02 4.646431500000000597e+03 2.330291162653057996e-02
3.799995000000000118e+02 4.646431500000000597e+03 2.326155771350531254e-02
3.839024000000000001e+02 4.744734000000000378e+03 2.292529316009591506e-02
3.878029999999999973e+02 4.764394500000000335e+03 2.304466199623585523e-02
3.917013000000000034e+02 4.764394500000000335e+03 2.301797448062813112e-02
3.955971999999999866e+02 4.757840999999999440e+03 2.328910249250217002e-02
3.994907000000000039e+02 4.770948000000000320e+03 2.324782192387328875e-02
4.033820000000000050e+02 4.777501500000000306e+03 2.324782192387328875e-02
4.072708999999999833e+02 4.725073499999999513e+03 2.337232766241010076e-02
4.111573999999999955e+02 4.731627000000000407e+03 2.341427623519111781e-02
4.150416999999999916e+02 4.784054999999999382e+03 2.315234791915635540e-02
4.189236000000000217e+02 4.751287499999999454e+03 2.323411043820757665e-02
4.228032000000000039e+02 4.875803999999999178e+03 2.285977346864025150e-02
4.266804000000000201e+02 4.803715500000000247e+03 2.312528496669311387e-02
4.305554000000000201e+02 4.797162000000000262e+03 2.320676009271975190e-02
4.344279999999999973e+02 4.784054999999999382e+03 2.327531787898760862e-02
4.382982999999999834e+02 4.803715500000000247e+03 2.317950610787045465e-02
4.421662999999999784e+02 4.895464500000000044e+03 2.301797448062813112e-02
4.460319999999999823e+02 4.915125000000000000e+03 2.297811648625560157e-02
4.498953999999999951e+02 4.902018000000000029e+03 2.313880457320704673e-02
4.537563999999999851e+02 4.856143500000000131e+03 2.317950610787045465e-02
4.576152000000000157e+02 4.987213499999999840e+03 2.292529316009591506e-02
4.614716000000000236e+02 5.000320500000000720e+03 2.284673681319238439e-02
4.653258000000000152e+02 4.915125000000000000e+03 2.311178903034276019e-02
4.691775999999999840e+02 4.960999499999999898e+03 2.303130664188535182e-02
4.730271000000000186e+02 4.974106499999999869e+03 2.297811648625560157e-02
4.768743999999999801e+02 5.039641499999999724e+03 2.282073027452619432e-02
4.807192999999999756e+02 5.072408999999999651e+03 2.278188645015529618e-02
4.845620000000000118e+02 5.131390499999999520e+03 2.260320222900862736e-02
4.884023000000000252e+02 5.177265000000000327e+03 2.260320222900862736e-02
4.922404000000000224e+02 5.203479000000000269e+03 2.255291695597742840e-02
4.960761999999999716e+02 5.236246500000000196e+03 2.252789984682882635e-02
4.999096999999999866e+02 5.203479000000000269e+03 2.256545680512871480e-02
5.037409000000000106e+02 5.288674499999999171e+03 2.241634422392319026e-02
5.075697999999999865e+02 5.288674499999999171e+03 2.236729308368998886e-02
5.113964000000000283e+02 5.347655999999999949e+03 2.228222292945113148e-02
5.152208000000000538e+02 5.249353500000000167e+03 2.249052979094155399e-02
5.190429000000000315e+02 5.269014000000000124e+03 2.234288795576365796e-02
5.228627000000000180e+02 5.308335000000000036e+03 2.228222292945113148e-02
5.266802000000000135e+02 5.229692999999999302e+03 2.249052979094155399e-02
5.304954999999999927e+02 5.275567500000000109e+03 2.245334509239074391e-02
5.343084999999999809e+02 5.282121000000000095e+03 2.241634422392319026e-02
5.381191999999999780e+02 5.255906999999999243e+03 2.246571949128677373e-02
5.419275999999999840e+02 5.229692999999999302e+03 2.249052979094155399e-02
5.457337999999999738e+02 5.262460500000000138e+03 2.245334509239074391e-02
5.495376999999999725e+02 5.327995499999999993e+03 2.227014911500221905e-02
5.533393999999999551e+02 5.301781500000000051e+03 2.235508052854329880e-02
5.571387999999999465e+02 5.360762999999999920e+03 2.218617841802996912e-02
5.609358999999999469e+02 5.393530499999999847e+03 2.219811609896804941e-02
5.647308000000000447e+02 5.445958499999999731e+03 2.209136525592946682e-02
5.685234000000000378e+02 5.445958499999999731e+03 2.207959888212222138e-02
5.723138000000000147e+02 5.465618999999999687e+03 2.207959888212222138e-02
5.761019000000000005e+02 5.491832999999999629e+03 2.206785128944058552e-02
5.798877999999999702e+02 5.518046999999999571e+03 2.191681920852555851e-02
5.836713999999999487e+02 5.406637499999999818e+03 2.222204938473248265e-02
5.874528000000000247e+02 5.485279499999999643e+03 2.202104773454743869e-02
5.912318999999999960e+02 5.478725999999999658e+03 2.203272069997603416e-02
5.950087999999999511e+02 5.465618999999999687e+03 2.206785128944058552e-02
5.987835000000000036e+02 5.537707500000000437e+03 2.183676794472485735e-02
6.025558999999999514e+02 5.504940000000000509e+03 2.198613984300782850e-02
6.063260999999999967e+02 5.478725999999999658e+03 2.204441224799968263e-02
6.100940000000000509e+02 5.445958499999999731e+03 2.217425997590313086e-02
6.138596999999999753e+02 5.360762999999999920e+03 2.222204938473248265e-02
6.176231999999999971e+02 5.485279499999999643e+03 2.205612242797457337e-02
6.213845000000000027e+02 5.504940000000000509e+03 2.198613984300782850e-02
6.251435000000000173e+02 5.537707500000000437e+03 2.197454071804173445e-02
6.289003000000000156e+02 5.570475000000000364e+03 2.190532939425830078e-02
6.326548000000000229e+02 5.537707500000000437e+03 2.195139743545637331e-02
6.364071999999999889e+02 5.550814499999999498e+03 2.190532939425830078e-02
6.401572999999999638e+02 5.577028499999999440e+03 2.190532939425830078e-02
6.439052000000000362e+02 5.511493499999999585e+03 2.202104773454743869e-02
6.476508999999999787e+02 5.642563499999999294e+03 2.174634615696641876e-02
6.513944000000000187e+02 5.557368000000000393e+03 2.188240387317435739e-02
6.551355999999999540e+02 5.590135500000000320e+03 2.183676794472485735e-02
6.588746999999999616e+02 5.636009999999999309e+03 2.179141635279076977e-02
6.626114999999999782e+02 5.577028499999999440e+03 2.184815015448642386e-02
6.663461999999999534e+02 5.616349500000000262e+03 2.181405679147167473e-02
6.700786000000000513e+02 5.662224000000000160e+03 2.171272643138899908e-02
6.738088000000000193e+02 5.694991500000000087e+03 2.164595212739382768e-02
6.775367999999999711e+02 5.714652000000000044e+03 2.154693581705652977e-02
6.812626000000000204e+02 5.662224000000000160e+03 2.174634615696641876e-02
6.849862000000000535e+02 5.649117000000000189e+03 2.174634615696641876e-02
6.887075999999999567e+02 5.753972999999999956e+03 2.152511612961974241e-02
6.924269000000000460e+02 5.701544999999999163e+03 2.156882199417377299e-02
6.961439000000000306e+02 5.740865999999999985e+03 2.154693581705652977e-02
6.998586999999999989e+02 5.694991500000000087e+03 2.169039971450071463e-02
7.035712999999999511e+02 5.688438000000000102e+03 2.164595212739382768e-02
7.072817999999999756e+02 5.708098500000000058e+03 2.153601768318244916e-02
7.109900999999999840e+02 5.655670500000000175e+03 2.167926215293737927e-02
7.146961000000000013e+02 5.753972999999999956e+03 2.111245581536841734e-02
7.183999999999999773e+02 5.655670500000000175e+03 2.170155445924140322e-02
7.221017000000000507e+02 5.701544999999999163e+03 2.160177666884497208e-02
7.258011999999999944e+02 5.609795999999999367e+03 2.180272775576003186e-02
7.294986000000000104e+02 5.688438000000000102e+03 2.166814173048066047e-02
7.331938000000000102e+02 5.740865999999999985e+03 2.156882199417377299e-02
7.368867999999999938e+02 5.701544999999999163e+03 2.162383055582286009e-02
7.405775999999999613e+02 5.629456500000000233e+03 2.174634615696641876e-02
7.442662000000000262e+02 5.812954499999999825e+03 2.144926600051144314e-02
7.479527000000000498e+02 5.681884500000000116e+03 2.157979012200910915e-02
7.516369999999999436e+02 5.734312500000000000e+03 2.152511612961974241e-02
7.553191000000000486e+02 5.799847499999999854e+03 2.144926600051144314e-02
7.589990999999999985e+02 5.812954499999999825e+03 2.137421210278551628e-02
7.626769000000000460e+02 5.799847499999999854e+03 2.123689179944588529e-02
7.663526000000000522e+02 5.767079999999999927e+03 2.147085560436699445e-02
7.700261000000000422e+02 5.852275500000000648e+03 2.132108198804428395e-02
7.736974000000000160e+02 5.793294000000000779e+03 2.142774139298181391e-02
7.773665999999999485e+02 5.871935999999999694e+03 2.128939346621456716e-02
7.810335999999999785e+02 5.871935999999999694e+03 2.129994060258920408e-02
7.846984999999999673e+02 5.885043000000000575e+03 2.129994060258920408e-02
7.883612000000000535e+02 5.812954499999999825e+03 2.139557563845601723e-02
7.920217000000000098e+02 5.865382499999999709e+03 2.125784581717221275e-02
7.956801000000000386e+02 5.839168499999999767e+03 2.134228645075690600e-02
7.993364000000000260e+02 9.102930685535739030e+01 2.112274203074866394e-02
8.029904999999999973e+02 -3.681190060216431448e+01 2.132108198804428395e-02
8.066425000000000409e+02 2.539781090180531464e+01 2.123689179944588529e-02
8.102922999999999547e+02 6.794657364974136726e+01 2.111245581536841734e-02
8.139400000000000546e+02 -7.467959619665634818e+00 2.121599962341023937e-02
8.175855999999999995e+02 4.818738761089389300e+01 2.116403775351444194e-02
8.212290000000000418e+02 -5.999469413383576466e+01 2.134228645075690600e-02
8.248703000000000429e+02 2.214496454210348020e+00 2.127886198228235576e-02
8.285094000000000278e+02 -6.664582521083684696e+01 2.123689179944588529e-02
8.321464999999999463e+02 -1.092914328332271907e+02 2.140628145630808429e-02
8.357812999999999874e+02 -6.018709246055550466e+01 2.125784581717221275e-02
8.394140999999999622e+02 -2.418856570942079998e+01 2.124736105904135447e-02
8.430447000000000344e+02 -3.406311299203753151e+01 2.127886198228235576e-02
8.466731999999999516e+02 2.815250980291511951e+01 2.116403775351444194e-02
8.502996000000000549e+02 1.172804677495423675e+01 2.118477664898881646e-02
8.539239000000000033e+02 -3.090825799145659403e+01 2.124736105904135447e-02
8.575460000000000491e+02 5.099839576428166765e+00 2.117439958412471387e-02
8.611660000000000537e+02 8.343083542934436991e+00 2.116403775351444194e-02
8.647839999999999918e+02 6.401721796729361813e+01 2.108168709974940491e-02
8.683997000000000526e+02 2.139198690039484063e+01 2.111245581536841734e-02
8.720134000000000469e+02 3.775163438153867901e+01 2.106124920148901361e-02
8.756250000000000000e+02 -1.797359557136496733e+01 2.116403775351444194e-02
8.792344000000000506e+02 4.426804102839560073e+01 2.108168709974940491e-02
8.828418000000000347e+02 2.131828813307402015e+01 2.110218461270974358e-02
8.864470000000000027e+02 5.080088966376933968e+01 2.105105251766622998e-02
8.900502000000000180e+02 5.407408951370689465e+01 2.103070350129344901e-02
8.936512000000000171e+02 1.803113153841786698e+01 2.112274203074866394e-02
8.972500999999999749e+02 1.476075955246687954e+01 2.112274203074866394e-02
9.008469000000000051e+02 1.229052173261816279e+02 2.097000870372921558e-02
9.044416999999999689e+02 9.998524858235941792e+01 2.094989358283730688e-02
9.080343000000000302e+02 4.430359699298787746e+01 2.103070350129344901e-02
9.116248000000000502e+02 1.000375061431686845e+02 2.092983623636928900e-02
9.152133000000000038e+02 7.713571952127858822e+01 2.102055109737028735e-02
9.187996000000000549e+02 1.001149805156555885e+02 2.099018187694042317e-02
9.223839000000000397e+02 1.558685324112930175e+02 2.087994382634508761e-02
9.259660000000000082e+02 1.264336183865243584e+02 2.091982914221063999e-02
9.295461000000000240e+02 2.542899814900320052e+02 2.074212090877092587e-02
9.331240999999999985e+02 1.658883646440708617e+02 2.085017910155329349e-02
9.367000000000000455e+02 1.364760106476705914e+02 2.084028577757919207e-02
9.402739000000000260e+02 1.726066621667478103e+02 2.081069009053673410e-02
9.438455999999999904e+02 2.546200617372969646e+02 2.071294088835553063e-02
9.474153000000000020e+02 1.072694517620311672e+02 2.090983638828859334e-02
9.509828999999999724e+02 1.172115745070113917e+02 2.086008652862775606e-02
9.545484000000000151e+02 1.140556720917093116e+02 2.089985794038640501e-02
9.581118000000000166e+02 1.764439864856230997e+02 2.077142460255654993e-02
9.616731999999999516e+02 2.388417595048713338e+02 2.072265387406562603e-02
9.652324999999999591e+02 8.498373280879604863e+01 2.093985770509597388e-02
9.687897000000000389e+02 1.474011479030914415e+02 2.084028577757919207e-02
9.723449000000000524e+02 1.246332461232759670e+02 2.089985794038640501e-02
9.758979000000000497e+02 1.608572686378029175e+02 2.081069009053673410e-02
9.794489999999999554e+02 1.970919564511714270e+02 2.071294088835553063e-02
9.829978999999999587e+02 1.284815503677100423e+02 2.082054130533251765e-02
9.865448000000000093e+02 2.499337909946480067e+02 2.064533026906797963e-02
9.900896999999999935e+02 1.878994187452008191e+02 2.072265387406562603e-02
9.936323999999999614e+02 2.503931738154215054e+02 2.064533026906797963e-02
9.971731999999999516e+02 2.277032961675913612e+02 2.064533026906797963e-02
1.000711800000000039e+03 2.771140255201526088e+02 2.058790225721596895e-02
1.004248399999999947e+03 2.347881013507458192e+02 2.065494840621636546e-02
1.007783000000000015e+03 2.383492628926614998e+02 2.066457999844242485e-02
1.011315500000000043e+03 3.795467491378522027e+02 2.045574562708153341e-02
1.014846000000000004e+03 3.175987988071483414e+02 2.051207178866436276e-02
1.018374400000000037e+03 3.343061503204808105e+02 2.045574562708153341e-02
1.021900800000000004e+03 2.920455417998418852e+02 2.053095082790105941e-02
1.025425099999999929e+03 2.891197110525854441e+02 2.056886582017507584e-02
1.028947400000000016e+03 3.058683955743526894e+02 2.050265177816129603e-02
1.032467599999999948e+03 3.357383325323417012e+02 2.050265177816129603e-02
1.035985799999999927e+03 4.835857587551117831e+02 2.027128969078955192e-02
1.039501999999999953e+03 4.086289107092743507e+02 2.035367504145419934e-02
1.043016100000000051e+03 5.237385244499437249e+02 2.018989672000487748e-02
1.046528199999999970e+03 5.405608355515178118e+02 2.018091345071923448e-02
1.050038199999999961e+03 5.705055790646601963e+02 2.011836453154948121e-02
1.053546199999999999e+03 6.987684894994736169e+02 1.993415064388588329e-02
1.057052200000000084e+03 7.746193007955553185e+02 1.984819012851561301e-02
1.060556199999999990e+03 7.980582461937328844e+02 1.981411595724488425e-02
1.064058099999999968e+03 8.346205581602207531e+02 1.976333215065231505e-02
1.067557999999999993e+03 8.974134683631818916e+02 1.969622386808632733e-02
1.071055900000000065e+03 9.405627076361624859e+02 1.963806151074124970e-02
1.074551799999999957e+03 9.247475059152902759e+02 1.962979459330031068e-02
1.078045599999999922e+03 9.286100922092482506e+02 1.962153810730171005e-02
1.081537499999999909e+03 9.521506945954133698e+02 1.958041138401455522e-02
1.085027299999999968e+03 1.047797540216003654e+03 1.949083531633628158e-02
1.088515100000000075e+03 9.992853552610777115e+02 1.954769555266750239e-02
1.092000800000000027e+03 1.022879864918777457e+03 1.948275286302737774e-02
1.095484600000000000e+03 1.046492793351741966e+03 1.943446839508136334e-02
1.098966300000000047e+03 1.070124363680065471e+03 1.938654114975498638e-02
1.102446099999999888e+03 1.159309797977351991e+03 1.929958782556483871e-02
1.105923800000000028e+03 1.091230317247081985e+03 1.938654114975498638e-02
1.109399499999999989e+03 1.265649641398958920e+03 1.914444392787003832e-02
1.112873199999999997e+03 1.302464989185926242e+03 1.910623905258081179e-02
1.116345000000000027e+03 1.267211578095282675e+03 1.915979017797187628e-02
1.119814699999999903e+03 1.382708624344632881e+03 1.903804285978554639e-02
1.123282400000000052e+03 1.504779342851606089e+03 1.886702787882809165e-02
1.126748100000000022e+03 1.554781947151124768e+03 1.878685084748186671e-02
1.130211800000000039e+03 1.591698149273335730e+03 1.879409746331452136e-02
1.133673500000000104e+03 1.523779159719818381e+03 1.885969660678955828e-02
1.137133199999999988e+03 1.600058187439778521e+03 1.877961260762642595e-02
1.140590999999999894e+03 1.650144439793108177e+03 1.872200629826382273e-02
1.144046700000000101e+03 1.608503122539636024e+03 1.876516119139795893e-02
1.147500399999999900e+03 1.704506939828375835e+03 1.865782859781570796e-02
1.150952199999999948e+03 1.702230094160514454e+03 1.862951624675861229e-02
1.154402000000000044e+03 1.713082286332734839e+03 1.862951624675861229e-02
1.157849699999999984e+03 1.835366215439493317e+03 1.849677095604441296e-02
1.161295499999999947e+03 1.879030578862167204e+03 1.842120351639673845e-02
1.164739399999999932e+03 1.857182572146768507e+03 1.844857530492078138e-02
1.168181199999999990e+03 1.900892388979938914e+03 1.838715949632643842e-02
1.171621000000000095e+03 1.918411221171474608e+03 1.840756323054529298e-02
1.175058899999999994e+03 1.942506758630285731e+03 1.838037331432880797e-02
1.178494799999999941e+03 1.999393189346866166e+03 1.829283119621364501e-02
1.181928699999999935e+03 2.023535699369209397e+03 1.829283119621364501e-02
1.185360699999999952e+03 2.106683472745916333e+03 1.819993990426165345e-02
1.188790700000000015e+03 2.058785191502052839e+03 1.822633577006003633e-02
1.192218699999999899e+03 2.056785535601879019e+03 1.823295270103498719e-02
1.195644700000000057e+03 2.146559182950871218e+03 1.812143512463210496e-02
1.199068800000000010e+03 2.092180309378066340e+03 1.820652811801744264e-02
1.202490900000000011e+03 2.070593588618372451e+03 1.822633577006003633e-02
1.205911000000000058e+03 2.160441192307955134e+03 1.810844950123417785e-02
1.209329199999999901e+03 2.191332289940311966e+03 1.808902330272104536e-02
1.212745400000000018e+03 2.228802048848490813e+03 1.805035772953922368e-02
1.216159699999999930e+03 2.403920634174206498e+03 1.789813836195199709e-02
1.219571999999999889e+03 2.238282708830379306e+03 1.803752419949197078e-02
1.222982299999999896e+03 2.420005933489844210e+03 1.786068145651823619e-02
1.226390699999999924e+03 2.451024466423317790e+03 1.782964636538001552e-02
1.229797100000000000e+03 2.501729463481510720e+03 1.778646777767147261e-02
1.233201600000000099e+03 2.624549078064110290e+03 1.767083168855985292e-02
1.236604100000000017e+03 2.577003961069077377e+03 1.771317158215598639e-02
1.240004699999999957e+03 2.634341260828809936e+03 1.763478099132562149e-02
1.243403299999999945e+03 2.560635123098691110e+03 1.770710438842357237e-02
1.246799899999999980e+03 2.749095691012876159e+03 1.752793852090271665e-02
1.250194700000000012e+03 2.767192105072799677e+03 1.746941435577988727e-02
1.253587500000000091e+03 2.772208503030799875e+03 1.751618663321155220e-02
1.256978299999999990e+03 2.810019519872024830e+03 1.746941435577988727e-02
1.260367199999999912e+03 2.867518287809418325e+03 1.743457999538464837e-02
1.263754200000000083e+03 2.872616436245895784e+03 1.740570999711212388e-02
1.267139200000000073e+03 2.858081591723425845e+03 1.741147252334088874e-02
1.270522300000000087e+03 2.968090877917906255e+03 1.733700297894984893e-02
1.273903399999999920e+03 2.940504415634050929e+03 1.735410342990528418e-02
1.277282600000000002e+03 3.050569322734694651e+03 1.724664664792465579e-02
1.280659900000000107e+03 3.127894714115959687e+03 1.717979892874300224e-02
1.284035300000000007e+03 3.257676201623387897e+03 1.707552830268671551e-02
1.287408699999999953e+03 3.210541393974634957e+03 1.711372253417995509e-02
1.290780199999999923e+03 3.294504896675557575e+03 1.703218932848108227e-02
1.294149799999999914e+03 3.312961811975595992e+03 1.701064322329844461e-02
1.297517399999999952e+03 3.338000738829689908e+03 1.697847683481309988e-02
1.300883100000000013e+03 3.376175272879806471e+03 1.695181044983808116e-02
1.304246900000000096e+03 3.493020506429927991e+03 1.688832029999056197e-02
1.307608799999999974e+03 3.452610528407857601e+03 1.689885246209940975e-02
1.310968800000000101e+03 3.517085424320463062e+03 1.683595328926899490e-02
1.314326800000000048e+03 3.509500776222005697e+03 1.685161221681073102e-02
1.317682900000000018e+03 3.456070662708643795e+03 1.689358391872518989e-02
1.321037100000000009e+03 3.507525658912922154e+03 1.683074333918624724e-02
1.324389400000000023e+03 3.519688836478535450e+03 1.684116808056309797e-02
1.327739800000000059e+03 3.459792763541662680e+03 1.670713767614945278e-02
1.331088299999999890e+03 3.413033004731899382e+03 1.691468771698306783e-02
1.334434799999999996e+03 3.680870621166621277e+03 1.670204636483935828e-02
1.337779500000000098e+03 3.758686170445317657e+03 1.663125323690751306e-02
1.341122200000000021e+03 3.679247206486606956e+03 1.670204636483935828e-02
1.344463099999999940e+03 3.685033279529066021e+03 1.670204636483935828e-02
1.347801999999999907e+03 3.782597936125479464e+03 1.663628006284575966e-02
1.351139100000000099e+03 3.801550219143589857e+03 1.660618727957724472e-02
1.354474200000000110e+03 3.813978667766858052e+03 1.657625720908554104e-02
1.357807399999999916e+03 3.767455317495144300e+03 1.663125323690751306e-02
1.361138799999999947e+03 3.779943200145414266e+03 1.661620005545209541e-02
1.364468200000000024e+03 3.818674843852358208e+03 1.659619258274673548e-02
1.367795800000000099e+03 3.746026773069042065e+03 1.664634740419851724e-02
1.371121399999999994e+03 3.725836508567464989e+03 1.666653703854936372e-02
1.374445200000000114e+03 3.725336567439144346e+03 1.666653703854936372e-02
1.377767000000000053e+03 3.633117463095630228e+03 1.670204636483935828e-02
1.381086999999999989e+03 3.613016705275574168e+03 1.672243959144018716e-02
1.384405099999999948e+03 3.625713300084507864e+03 1.673778362854950671e-02
1.387721299999999928e+03 3.631886249995282924e+03 1.670204636483935828e-02
1.391035599999999931e+03 3.552893553855049504e+03 1.674803648318851784e-02
1.394348099999999931e+03 3.565679706898727090e+03 1.677890846603979913e-02
1.397658599999999979e+03 3.460532700795236451e+03 1.684116808056309797e-02
1.400967300000000023e+03 3.499592523660925508e+03 1.684116808056309797e-02
1.404274100000000089e+03 3.473147160072970109e+03 1.684638772057082609e-02
1.407578999999999951e+03 3.492606091082744570e+03 1.680995180149105414e-02
1.410882000000000062e+03 3.413792294242252865e+03 1.687780780578799003e-02
1.414183199999999943e+03 3.538166743610897356e+03 1.679958488604218689e-02
1.417482500000000073e+03 3.524947409762200550e+03 1.679958488604218689e-02
1.420779899999999998e+03 3.465883259797053142e+03 1.685684157681769518e-02
1.424075499999999920e+03 3.433062757350382526e+03 1.685684157681769518e-02
1.427369099999999889e+03 3.485467362597788451e+03 1.683074333918624724e-02
1.430660900000000083e+03 3.328189532281806351e+03 1.696246191834106104e-02
1.433950900000000047e+03 3.288904219731593003e+03 1.698917868071330578e-02
1.437239000000000033e+03 3.341397374935015250e+03 1.696246191834106104e-02
1.440525200000000041e+03 3.289063944551703571e+03 1.699453719801441443e-02
1.443809500000000071e+03 3.262973871952331137e+03 1.703218932848108227e-02
1.447092000000000098e+03 3.125503597218496907e+03 1.711919980189394175e-02
1.450372599999999920e+03 3.197774557168844694e+03 1.707009283277256817e-02
1.453651399999999967e+03 3.007934685424413146e+03 1.719643796308258088e-02
1.456928300000000036e+03 2.962300912480559418e+03 1.728036446436985452e-02
1.460203400000000101e+03 3.028105665713294911e+03 1.721869873351954822e-02
1.463476599999999962e+03 3.048064869405262471e+03 1.720199506064663125e-02
1.466747900000000072e+03 3.094266944745460023e+03 1.714116158103561049e-02
1.470017399999999952e+03 3.015981309874830913e+03 1.720755754908971993e-02
1.473285000000000082e+03 3.121222379905576418e+03 1.713017013291530388e-02
1.476550799999999981e+03 3.003673066933928567e+03 1.720199506064663125e-02
1.479814800000000105e+03 3.004115280046303269e+03 1.720755754908971993e-02
1.483076900000000023e+03 2.893176425318892143e+03 1.731428081587142037e-02
1.486337099999999964e+03 2.978870905823772773e+03 1.724664664792465579e-02
1.489595499999999902e+03 2.992505121628438246e+03 1.724664664792465579e-02
1.492852100000000064e+03 3.170004969808404894e+03 1.709186591921554865e-02
1.496106800000000021e+03 2.993643844446678486e+03 1.725225257904879073e-02
1.499359699999999975e+03 2.915613136633218346e+03 1.731995298009102527e-02
1.502610799999999927e+03 2.962126734464334731e+03 1.725786398026370877e-02
1.505859999999999900e+03 2.930026023055192127e+03 1.730295318573127350e-02
1.509107400000000098e+03 3.022469384539170278e+03 1.721312543713353696e-02
1.512352900000000091e+03 2.957656198067188598e+03 1.727473109357162417e-02
1.515596600000000080e+03 2.919084339807020115e+03 1.728036446436985452e-02
1.518838500000000067e+03 2.880539682942569925e+03 1.731428081587142037e-02
1.522078600000000051e+03 2.946878097673117736e+03 1.727473109357162417e-02
1.525316800000000057e+03 3.039457451205999860e+03 1.720755754908971993e-02
1.528553200000000061e+03 2.961672607749252165e+03 1.728036446436985452e-02
1.531787700000000086e+03 2.929788928510770347e+03 1.728036446436985452e-02
1.535020500000000084e+03 2.996234271697465374e+03 1.723545116044307782e-02
1.538251400000000103e+03 3.121687492488152202e+03 1.713017013291530388e-02
1.541480499999999893e+03 3.175078443019544466e+03 1.707009283277256817e-02
1.544707799999999907e+03 3.248155972306664808e+03 1.702679512744999582e-02
1.547933199999999943e+03 3.262277926189451136e+03 1.700526946128683159e-02
1.551156899999999951e+03 3.394388647259691425e+03 1.688832029999056197e-02
1.554378699999999981e+03 3.421668974846900710e+03 1.687780780578799003e-02
1.557598700000000008e+03 3.475188744918963494e+03 1.683074333918624724e-02
1.560816900000000032e+03 3.423877790061419546e+03 1.685161221681073102e-02
1.564033300000000054e+03 3.366038439463261966e+03 1.691468771698306783e-02
1.567247800000000097e+03 3.472061518915820670e+03 1.683595328926899490e-02
1.570460600000000113e+03 3.492913850811620250e+03 1.680476594549799169e-02
1.573671599999999899e+03 3.533451254143213191e+03 1.679958488604218689e-02
1.576880699999999933e+03 3.508478044501988734e+03 1.681514246142686367e-02
1.580087999999999965e+03 3.503189534076950622e+03 1.683074333918624724e-02
1.583293599999999969e+03 3.393069031653492857e+03 1.690412593779716185e-02
1.586497299999999996e+03 3.479577342612110442e+03 1.684116808056309797e-02
1.589699200000000019e+03 3.435039268927129342e+03 1.687255891503571317e-02
1.592899400000000014e+03 3.305329109178492217e+03 1.699453719801441443e-02
1.596097700000000032e+03 3.378800658570084124e+03 1.689358391872518989e-02
1.599294200000000046e+03 3.144280708928375134e+03 1.710825052044001246e-02
1.602488900000000058e+03 3.126049048773124923e+03 1.711372253417995509e-02
1.605681900000000041e+03 3.061965463479811660e+03 1.716320810021939799e-02
1.608873000000000047e+03 2.925815735297858737e+03 1.726910322859296146e-02
1.612062400000000025e+03 2.789688143414728984e+03 1.740570999711212388e-02
1.615249900000000025e+03 2.706010464092070833e+03 1.748691001800730532e-02
1.618435699999999997e+03 2.615800970801841686e+03 1.756925717383979110e-02
1.621619699999999966e+03 2.433863934309990327e+03 1.775581728483387536e-02
1.624801899999999932e+03 2.317483122766659108e+03 1.786690794492649254e-02
1.627982299999999896e+03 2.174909301888135815e+03 1.799282146856072753e-02
1.631160900000000083e+03 2.143765735073219730e+03 1.803111769096117645e-02
1.634337700000000041e+03 1.850502683545802938e+03 1.828614888322493970e-02
1.637512799999999970e+03 1.721097406386014882e+03 1.844857530492078138e-02
1.640686099999999897e+03 1.624479660823481936e+03 1.858027824722393792e-02
1.643857600000000048e+03 1.514774702366735255e+03 1.869340122991709763e-02
1.647027299999999968e+03 1.359214784899829283e+03 1.886702787882809165e-02
1.650195200000000114e+03 1.282316160792045594e+03 1.890381291644031847e-02
1.653361400000000003e+03 1.185776081053452799e+03 1.903804285978554639e-02
1.656525799999999890e+03 1.148236295411802530e+03 1.903804285978554639e-02
1.659688400000000001e+03 1.084501052409069416e+03 1.915979017797187628e-02
1.662849200000000110e+03 1.020784099438990779e+03 1.921379412290799907e-02
1.666008299999999963e+03 9.308711828108080226e+02 1.932318627068593114e-02
1.669165600000000040e+03 9.196180478129763287e+02 1.939450440379784577e-02
1.672321200000000090e+03 8.625079388030817427e+02 1.945856569930972182e-02
1.675474899999999934e+03 8.643965992190933321e+02 1.945052330768728965e-02
1.678626899999999978e+03 7.614462716364787411e+02 1.956403295255452687e-02
1.681777199999999993e+03 7.109406977663102225e+02 1.963806151074124970e-02
1.684925600000000031e+03 7.390936185057862531e+02 1.957221702860902079e-02
1.688072400000000016e+03 7.279417739887330754e+02 1.963806151074124970e-02
1.691217300000000023e+03 7.036989035902324758e+02 1.960505634201833644e-02
1.694360500000000002e+03 6.729182459443145490e+02 1.968788331134220179e-02
1.697501999999999953e+03 7.011345389550970140e+02 1.966292507188364957e-02
1.700641599999999926e+03 8.276685198079057955e+02 1.950703044610704179e-02
1.703779600000000073e+03 7.707194249738295184e+02 1.957221702860902079e-02
1.706915700000000015e+03 7.203384902142470310e+02 1.964633888160859446e-02
1.710050199999999904e+03 6.699719505853581722e+02 1.971293683152457177e-02
1.713182800000000043e+03 6.196195404623431386e+02 1.978021667500547490e-02
1.716313699999999926e+03 5.692809935504064924e+02 1.984819012851561301e-02
1.719442900000000009e+03 5.189560429351386119e+02 1.992550429750476748e-02
1.722570300000000088e+03 4.620909211328507809e+02 1.999499188172189704e-02
1.725695999999999913e+03 4.117923601408974719e+02 2.006521156012096990e-02
1.728819899999999961e+03 3.615065914945444092e+02 2.013617627875816107e-02
1.731942099999999982e+03 3.112333463172626580e+02 2.021691867729522377e-02
1.735062599999999975e+03 2.609723553710218766e+02 2.028951107846024490e-02
1.738181299999999965e+03 2.107233491065580893e+02 2.036289110488388385e-02
1.741298199999999952e+03 1.604860577136378197e+02 2.043707310322008530e-02
1.744413500000000113e+03 1.561347111713066624e+02 2.043707310322008530e-02
1.747526900000000069e+03 1.124735392784632495e+02 2.045574562708153341e-02
1.750638699999999972e+03 1.540187716713171540e+02 2.044640297045030239e-02
1.753748700000000099e+03 1.038256378277365002e+02 2.050265177816129603e-02
1.756856999999999971e+03 1.453918670715684129e+02 2.044640297045030239e-02
1.759963500000000067e+03 1.083261885704050655e+02 2.050265177816129603e-02
1.763068400000000111e+03 1.957868313399003455e+02 2.035367504145419934e-02
1.766171499999999924e+03 1.587405242480654124e+02 2.042775599623792779e-02
1.769272799999999961e+03 1.675779960392073917e+02 2.041845162044382544e-02
1.772372399999999971e+03 5.190797534477678710e+01 2.060699164681277160e-02
1.775470299999999952e+03 5.420969068106933264e+01 2.055936738243922465e-02
1.778566499999999905e+03 6.962687049281157670e+01 2.048385062631319364e-02
1.781661000000000058e+03 1.951724315741375904e+01 2.065494840621636546e-02
1.784753699999999981e+03 8.082503699577046063e+01 2.056886582017507584e-02
1.787844700000000103e+03 4.516980269933810632e+00 2.069355582010465669e-02
1.790933999999999969e+03 -4.556969881264649302e+01 2.077142460255654993e-02
1.794021600000000035e+03 1.576022789852868300e+01 2.068388367383190360e-02
1.797107500000000073e+03 2.466898849467543187e+01 2.063572555569909150e-02
1.800191600000000108e+03 -4.505768897496363934e+01 2.075187502212866644e-02
1.803273999999999887e+03 4.905942350763598370e+01 2.060699164681277160e-02
1.806354700000000093e+03 1.211255393346982601e+01 2.066457999844242485e-02
1.809433700000000044e+03 -5.759606973586505774e+01 2.068388367383190360e-02
1.812510999999999967e+03 3.770780436016138992e+00 2.064533026906797963e-02
1.815586600000000089e+03 7.824983235788931779e+01 2.052150479527412030e-02
1.818660499999999956e+03 8.719881390855334757e+01 2.057837743493555471e-02
1.821732600000000048e+03 1.289199529409870593e+02 2.045574562708153341e-02
1.824803100000000086e+03 3.302197727995007881e+01 2.063572555569909150e-02
1.827871799999999894e+03 3.543061471958753827e+01 2.066457999844242485e-02
1.830938900000000103e+03 4.439659302102882066e+01 2.065494840621636546e-02
1.834004200000000083e+03 6.647313991652572440e+01 2.060699164681277160e-02
1.837067900000000009e+03 1.646448310703726747e+01 2.069355582010465669e-02
1.840129799999999932e+03 8.442185025981689250e+01 2.055936738243922465e-02
1.843190100000000029e+03 4.097246901910148154e+01 2.063572555569909150e-02
1.846248599999999897e+03 -2.213493299631409172e+01 2.073238053682796220e-02
1.849305399999999963e+03 -2.625862819549911364e+01 2.077142460255654993e-02
1.852360599999999977e+03 -6.314788901126576093e+01 2.079102953811706039e-02
1.855414099999999962e+03 -7.382148128489552619e+01 2.085017910155329349e-02
1.858465799999999945e+03 -5.851660148498012859e+00 2.074212090877092587e-02
1.861515900000000101e+03 -8.205766590904931945e+01 2.086008652862775606e-02
1.864564300000000003e+03 -4.685322648076453333e+01 2.082054130533251765e-02
1.867611000000000104e+03 4.733344018133266218e+01 2.068388367383190360e-02
1.870655999999999949e+03 -2.887037635308661265e+01 2.079102953811706039e-02
1.873699299999999994e+03 1.288911857511902781e+01 2.073238053682796220e-02
1.876740900000000011e+03 -3.710027117424579046e+01 2.080085284579396426e-02
1.879780899999999974e+03 -2.810822188288057077e+01 2.077142460255654993e-02
1.882819099999999935e+03 -3.877688586319982278e+01 2.077142460255654993e-02
1.885855700000000070e+03 -1.012489389445454435e+01 2.073238053682796220e-02
1.888890599999999949e+03 3.818714888831891585e+01 2.067422507714656785e-02
1.891923800000000028e+03 6.683816055875377060e+01 2.061655627561592707e-02
1.894955400000000054e+03 3.650707341708039166e+01 2.070324154767460775e-02
1.897985200000000077e+03 3.238933810251546674e+01 2.073238053682796220e-02
1.901013400000000047e+03 5.963684999999999491e+03 2.087994382634508761e-02
1.904039999999999964e+03 6.022666499999999360e+03 2.079102953811706039e-02
1.907064800000000105e+03 5.996452499999999418e+03 2.083040652327785777e-02
1.910087999999999965e+03 6.035773500000000240e+03 2.076164290924153652e-02
1.913109500000000025e+03 5.989898999999999432e+03 2.081069009053673410e-02
1.916129300000000057e+03 5.976792000000000371e+03 2.082054130533251765e-02
1.919147400000000061e+03 6.029220000000000255e+03 2.072265387406562603e-02
1.922163900000000012e+03 5.976792000000000371e+03 2.086008652862775606e-02
1.925178799999999910e+03 5.944024500000000444e+03 2.086008652862775606e-02
1.928191900000000032e+03 5.924363999999999578e+03 2.090983638828859334e-02
1.931203400000000101e+03 5.930917499999999563e+03 2.092983623636928900e-02
1.934213199999999915e+03 5.976792000000000371e+03 2.086008652862775606e-02
1.937221399999999903e+03 5.917810500000000502e+03 2.090983638828859334e-02
1.940227900000000091e+03 5.937470999999999549e+03 2.089985794038640501e-02
1.943232799999999997e+03 5.970238500000000386e+03 2.085017910155329349e-02
1.946236000000000104e+03 5.976792000000000371e+03 2.085017910155329349e-02
1.949237499999999955e+03 6.022666499999999360e+03 2.078122013462782580e-02
1.952237399999999980e+03 6.081647999999999229e+03 2.070324154767460775e-02
1.955235599999999977e+03 5.989898999999999432e+03 2.080085284579396426e-02
1.958232199999999921e+03 6.029220000000000255e+03 2.073238053682796220e-02
1.961227100000000064e+03 5.996452499999999418e+03 2.078122013462782580e-02
1.964220299999999952e+03 6.029220000000000255e+03 2.074212090877092587e-02
1.967211999999999989e+03 5.976792000000000371e+03 2.081069009053673410e-02
1.970201900000000023e+03 6.022666499999999360e+03 2.077142460255654993e-02
1.973190200000000004e+03 6.016113000000000284e+03 2.077142460255654993e-02
1.976176899999999932e+03 6.101308500000000095e+03 2.061655627561592707e-02
1.979161900000000060e+03 6.042327000000000226e+03 2.072265387406562603e-02
1.982145299999999907e+03 5.944024500000000444e+03 2.083040652327785777e-02
1.985127099999999928e+03 6.009559500000000298e+03 2.078122013462782580e-02
1.988107199999999921e+03 5.944024500000000444e+03 2.087994382634508761e-02
1.991085600000000113e+03 6.003006000000000313e+03 2.078122013462782580e-02
1.994062400000000025e+03 5.957131499999999505e+03 2.085017910155329349e-02
1.997037600000000111e+03 5.963684999999999491e+03 2.083040652327785777e-02
2.000011199999999917e+03 5.983345500000000357e+03 2.081069009053673410e-02
2.002983099999999922e+03 5.950578000000000429e+03 2.082054130533251765e-02
2.005953299999999899e+03 5.917810500000000502e+03 2.090983638828859334e-02
2.008922000000000025e+03 5.989898999999999432e+03 2.075187502212866644e-02
2.011888999999999896e+03 6.016113000000000284e+03 2.074212090877092587e-02
2.014854299999999967e+03 6.042327000000000226e+03 2.072265387406562603e-02
2.017818099999999959e+03 5.950578000000000429e+03 2.086008652862775606e-02
2.020780199999999923e+03 6.075094500000000153e+03 2.057837743493555471e-02
2.023740700000000061e+03 6.003006000000000313e+03 2.074212090877092587e-02
2.026699499999999944e+03 6.035773500000000240e+03 2.071294088835553063e-02
2.029656799999999976e+03 6.009559500000000298e+03 2.073238053682796220e-02
2.032612399999999980e+03 5.970238500000000386e+03 2.084028577757919207e-02
2.035566399999999931e+03 5.924363999999999578e+03 2.087000809234146673e-02
2.038518700000000081e+03 5.976792000000000371e+03 2.081069009053673410e-02
2.041469499999999925e+03 5.950578000000000429e+03 2.084028577757919207e-02
2.044418599999999969e+03 5.878489499999999680e+03 2.095994390415556463e-02
2.047366099999999960e+03 5.898149999999999636e+03 2.089985794038640501e-02
2.050311999999999898e+03 5.904703499999999622e+03 2.091982914221063999e-02
2.053256199999999808e+03 5.832614999999999782e+03 2.098008801635339524e-02
2.056198899999999867e+03 5.812954499999999825e+03 2.104087062951670237e-02
2.059139900000000125e+03 5.924363999999999578e+03 2.087000809234146673e-02
2.062079299999999876e+03 5.852275500000000648e+03 2.102055109737028735e-02
2.065017199999999775e+03 5.891596499999999651e+03 2.093985770509597388e-02
2.067953399999999874e+03 5.878489499999999680e+03 2.094989358283730688e-02
2.070887999999999920e+03 5.819507999999999811e+03 2.101041338224129626e-02
2.073820900000000165e+03 5.878489499999999680e+03 2.093985770509597388e-02
2.076752300000000105e+03 5.852275500000000648e+03 2.097000870372921558e-02
2.079682099999999991e+03 5.970238500000000386e+03 2.081069009053673410e-02
2.082610200000000077e+03 5.832614999999999782e+03 2.101041338224129626e-02
2.085536799999999857e+03 5.904703499999999622e+03 2.088989376440152437e-02
2.088461800000000039e+03 5.976792000000000371e+03 2.079102953811706039e-02
2.091385099999999966e+03 5.996452499999999418e+03 2.078122013462782580e-02
2.094306900000000041e+03 5.904703499999999622e+03 2.086008652862775606e-02
2.097226999999999862e+03 6.035773500000000240e+03 2.072265387406562603e-02
2.100145599999999831e+03 5.989898999999999432e+03 2.074212090877092587e-02
2.103062500000000000e+03 5.930917499999999563e+03 2.085017910155329349e-02
2.105977899999999863e+03 5.970238500000000386e+03 2.077142460255654993e-02
2.108891700000000128e+03 5.963684999999999491e+03 2.076164290924153652e-02
2.111803800000000138e+03 6.048880499999999302e+03 2.066457999844242485e-02
2.114714399999999841e+03 5.885043000000000575e+03 2.087000809234146673e-02
2.117623399999999947e+03 5.911257000000000517e+03 2.086008652862775606e-02
2.120530799999999999e+03 5.996452499999999418e+03 2.068388367383190360e-02
2.123436599999999999e+03 5.917810500000000502e+03 2.079102953811706039e-02
2.126340799999999945e+03 6.009559500000000298e+03 2.073238053682796220e-02
2.129243500000000040e+03 5.904703499999999622e+03 2.086008652862775606e-02
2.132144499999999880e+03 5.917810500000000502e+03 2.086008652862775606e-02
2.135043999999999869e+03 5.852275500000000648e+03 2.098008801635339524e-02
2.137941899999999805e+03 5.891596499999999651e+03 2.087994382634508761e-02
2.140838099999999940e+03 5.891596499999999651e+03 2.091982914221063999e-02
2.143732899999999972e+03 5.845721999999999753e+03 2.071294088835553063e-02
2.146626000000000204e+03 5.806400999999999840e+03 2.102055109737028735e-02
2.149517499999999927e+03 5.865382499999999709e+03 2.095994390415556463e-02
2.152407499999999800e+03 5.904703499999999622e+03 2.084028577757919207e-02
2.155295900000000074e+03 5.924363999999999578e+03 2.081069009053673410e-02
2.158182699999999841e+03 5.950578000000000429e+03 2.080085284579396426e-02
2.161068000000000211e+03 6.029220000000000255e+03 2.067422507714656785e-02
2.163951599999999871e+03 5.904703499999999622e+03 2.083040652327785777e-02
2.166833700000000135e+03 5.944024500000000444e+03 2.079102953811706039e-02
2.169714300000000094e+03 5.976792000000000371e+03 2.071294088835553063e-02
2.172593199999999797e+03 5.832614999999999782e+03 2.094989358283730688e-02
2.175470600000000104e+03 5.898149999999999636e+03 2.087000809234146673e-02
2.178346399999999903e+03 5.871935999999999694e+03 2.087994382634508761e-02
2.181220699999999852e+03 5.891596499999999651e+03 2.084028577757919207e-02
2.184093299999999999e+03 5.878489499999999680e+03 2.086008652862775606e-02
2.186964500000000044e+03 5.924363999999999578e+03 2.082054130533251765e-02
2.189833999999999833e+03 5.832614999999999782e+03 2.093985770509597388e-02
2.192702000000000226e+03 5.793294000000000779e+03 2.104087062951670237e-02
2.195568400000000111e+03 5.786740499999999884e+03 2.106124920148901361e-02
2.198433300000000145e+03 5.780186999999999898e+03 2.104087062951670237e-02
2.201296600000000126e+03 5.786740499999999884e+03 2.100029032052031647e-02
2.204158300000000054e+03 5.629456500000000233e+03 2.131050343021717933e-02
2.207018500000000131e+03 5.721205500000000029e+03 2.115369111991953141e-02
2.209877199999999903e+03 5.747419499999999971e+03 2.111245581536841734e-02
2.212734199999999873e+03 5.609795999999999367e+03 2.134228645075690600e-02
2.215589800000000196e+03 5.694991500000000087e+03 2.118477664898881646e-02
2.218443699999999808e+03 5.740865999999999985e+03 2.112274203074866394e-02
2.221296200000000226e+03 5.688438000000000102e+03 2.119516898547308542e-02
2.224146999999999935e+03 5.812954499999999825e+03 2.093985770509597388e-02
2.226996299999999792e+03 5.760526499999999942e+03 2.110218461270974358e-02
2.229844099999999798e+03 5.753972999999999956e+03 2.107146071685335464e-02
2.232690300000000207e+03 5.747419499999999971e+03 2.111245581536841734e-02
2.235534999999999854e+03 5.721205500000000029e+03 2.112274203074866394e-02
2.238378099999999904e+03 5.780186999999999898e+03 2.102055109737028735e-02
2.241219700000000103e+03 5.753972999999999956e+03 2.104087062951670237e-02
2.244059699999999793e+03 5.819507999999999811e+03 2.097000870372921558e-02
2.246898200000000088e+03 5.832614999999999782e+03 2.093985770509597388e-02
2.249735200000000077e+03 5.839168499999999767e+03 2.087994382634508761e-02
2.252570600000000013e+03 5.858828999999999724e+03 2.088989376440152437e-02
2.255404500000000098e+03 5.793294000000000779e+03 2.099018187694042317e-02
2.258236800000000130e+03 5.727759000000000015e+03 2.110218461270974358e-02
2.261067599999999857e+03 5.708098500000000058e+03 2.111245581536841734e-02
2.263896799999999985e+03 5.799847499999999854e+03 2.098008801635339524e-02
2.266724600000000009e+03 5.629456500000000233e+03 2.124736105904135447e-02
2.269550799999999981e+03 5.675331000000000131e+03 2.120557663107229887e-02
2.272375399999999900e+03 5.727759000000000015e+03 2.111245581536841734e-02
2.275198499999999967e+03 5.708098500000000058e+03 2.111245581536841734e-02
2.278020100000000184e+03 5.694991500000000087e+03 2.119516898547308542e-02
2.280840200000000095e+03 5.694991500000000087e+03 2.115369111991953141e-02
2.283658699999999953e+03 5.701544999999999163e+03 2.114335964622883479e-02
2.286475699999999961e+03 5.662224000000000160e+03 2.118477664898881646e-02
2.289291200000000117e+03 5.753972999999999956e+03 2.104087062951670237e-02
2.292105199999999968e+03 5.714652000000000044e+03 2.111245581536841734e-02
2.294917600000000220e+03 5.708098500000000058e+03 2.111245581536841734e-02
2.297728500000000167e+03 5.675331000000000131e+03 2.111245581536841734e-02
2.300537899999999809e+03 5.786740499999999884e+03 2.098008801635339524e-02
2.303345699999999852e+03 5.727759000000000015e+03 2.105105251766622998e-02
2.306152099999999791e+03 5.806400999999999840e+03 2.097000870372921558e-02
2.308956900000000132e+03 5.845721999999999753e+03 2.088989376440152437e-02
2.311760200000000168e+03 5.819507999999999811e+03 2.092983623636928900e-02
2.314561999999999898e+03 5.786740499999999884e+03 2.095994390415556463e-02
2.317362200000000030e+03 5.773633499999999913e+03 2.095994390415556463e-02
2.320161000000000058e+03 5.780186999999999898e+03 2.095994390415556463e-02
2.322958200000000033e+03 5.773633499999999913e+03 2.103070350129344901e-02
2.325753999999999905e+03 5.753972999999999956e+03 2.099018187694042317e-02
2.328548200000000179e+03 5.708098500000000058e+03 2.108168709974940491e-02
2.331340900000000147e+03 5.740865999999999985e+03 2.104087062951670237e-02
2.334132099999999809e+03 5.734312500000000000e+03 2.107146071685335464e-02
2.336921800000000076e+03 5.773633499999999913e+03 2.102055109737028735e-02
2.339709899999999834e+03 5.721205500000000029e+03 2.108168709974940491e-02
2.342496599999999944e+03 5.688438000000000102e+03 2.116403775351444194e-02
2.345281800000000203e+03 5.662224000000000160e+03 2.121599962341023937e-02
2.348065399999999954e+03 5.668777499999999236e+03 2.116403775351444194e-02
2.350847600000000057e+03 5.649117000000000189e+03 2.124736105904135447e-02
2.353628200000000106e+03 5.636009999999999309e+03 2.125784581717221275e-02
2.356407400000000052e+03 5.636009999999999309e+03 2.122643800024026639e-02
2.359184999999999945e+03 5.531154000000000451e+03 2.138488586729738253e-02
2.361961099999999988e+03 5.596689000000000306e+03 2.127886198228235576e-02
2.364735799999999927e+03 5.642563499999999294e+03 2.118477664898881646e-02
2.367508899999999812e+03 5.701544999999999163e+03 2.111245581536841734e-02
2.370280600000000049e+03 5.629456500000000233e+03 2.122643800024026639e-02
2.373050799999999981e+03 5.681884500000000116e+03 2.114335964622883479e-02
2.375819399999999860e+03 5.727759000000000015e+03 2.109192838628971486e-02
2.378586600000000089e+03 5.727759000000000015e+03 2.106124920148901361e-02
2.381352300000000014e+03 5.734312500000000000e+03 2.107146071685335464e-02
2.384116399999999885e+03 5.694991500000000087e+03 2.111245581536841734e-02
2.386879100000000108e+03 5.668777499999999236e+03 2.115369111991953141e-02
2.389640300000000025e+03 5.826061500000000706e+03 2.092983623636928900e-02
2.392400099999999838e+03 5.767079999999999927e+03 2.102055109737028735e-02
2.395158300000000054e+03 5.786740499999999884e+03 2.095994390415556463e-02
2.397914999999999964e+03 5.786740499999999884e+03 2.098008801635339524e-02
2.400670300000000225e+03 5.740865999999999985e+03 2.105105251766622998e-02
2.403424100000000180e+03 5.714652000000000044e+03 2.108168709974940491e-02
2.406176300000000083e+03 5.649117000000000189e+03 2.119516898547308542e-02
2.408927099999999882e+03 5.753972999999999956e+03 2.105105251766622998e-02
2.411676500000000033e+03 5.708098500000000058e+03 2.109192838628971486e-02
2.414424300000000130e+03 5.767079999999999927e+03 2.099018187694042317e-02
2.417170700000000124e+03 5.734312500000000000e+03 2.104087062951670237e-02
2.419915599999999813e+03 5.675331000000000131e+03 2.113304329545795043e-02
2.422659000000000106e+03 5.668777499999999236e+03 2.117439958412471387e-02
2.425400900000000092e+03 5.629456500000000233e+03 2.124736105904135447e-02
2.428141399999999976e+03 5.583581999999999425e+03 2.124736105904135447e-02
2.430880299999999806e+03 5.636009999999999309e+03 2.122643800024026639e-02
2.433617799999999988e+03 5.688438000000000102e+03 2.111245581536841734e-02
2.436353900000000067e+03 5.622903000000000247e+03 2.121599962341023937e-02
2.439088400000000092e+03 5.655670500000000175e+03 2.113304329545795043e-02
2.441821500000000015e+03 5.655670500000000175e+03 2.120557663107229887e-02
2.444553199999999833e+03 5.668777499999999236e+03 2.117439958412471387e-02
2.447283300000000054e+03 5.701544999999999163e+03 2.110218461270974358e-02
2.450012000000000171e+03 5.747419499999999971e+03 2.104087062951670237e-02
2.452739199999999983e+03 5.694991500000000087e+03 2.112274203074866394e-02
2.455465000000000146e+03 5.688438000000000102e+03 2.110218461270974358e-02
2.458189300000000003e+03 5.799847499999999854e+03 2.095994390415556463e-02
2.460912100000000009e+03 5.708098500000000058e+03 2.106124920148901361e-02
2.463633499999999913e+03 5.727759000000000015e+03 2.106124920148901361e-02
2.466353399999999965e+03 5.767079999999999927e+03 2.100029032052031647e-02
2.469071800000000167e+03 5.839168499999999767e+03 2.086008652862775606e-02
2.471788799999999810e+03 5.747419499999999971e+03 2.100029032052031647e-02
2.474504300000000057e+03 5.734312500000000000e+03 2.104087062951670237e-02
2.477218400000000202e+03 5.734312500000000000e+03 2.100029032052031647e-02
2.479931000000000040e+03 5.753972999999999956e+03 2.103070350129344901e-02
2.482642100000000028e+03 5.747419499999999971e+03 2.105105251766622998e-02
2.485351799999999912e+03 5.681884500000000116e+03 2.115369111991953141e-02
2.488060100000000148e+03 5.675331000000000131e+03 2.110218461270974358e-02
2.490766900000000078e+03 5.662224000000000160e+03 2.118477664898881646e-02
2.493472200000000157e+03 5.583581999999999425e+03 2.131050343021717933e-02
2.496176100000000133e+03 5.668777499999999236e+03 2.116403775351444194e-02
2.498878499999999804e+03 5.583581999999999425e+03 2.132108198804428395e-02
2.501579499999999825e+03 5.609795999999999367e+03 2.122643800024026639e-02
2.504279100000000199e+03 5.544260999999999513e+03 2.136355430501354555e-02
2.506977199999999812e+03 5.550814499999999498e+03 2.135291243421374302e-02
2.509673800000000028e+03 5.642563499999999294e+03 2.121599962341023937e-02
2.512369000000000142e+03 5.596689000000000306e+03 2.132108198804428395e-02
2.515062800000000152e+03 5.636009999999999309e+03 2.124736105904135447e-02
2.517755099999999857e+03 5.642563499999999294e+03 2.117439958412471387e-02
2.520445999999999913e+03 5.590135500000000320e+03 2.129994060258920408e-02
2.523135400000000118e+03 5.655670500000000175e+03 2.110218461270974358e-02
2.525823400000000220e+03 5.668777499999999236e+03 2.118477664898881646e-02
2.528510000000000218e+03 5.734312500000000000e+03 2.101041338224129626e-02
2.531195099999999911e+03 5.596689000000000306e+03 2.124736105904135447e-02
2.533878799999999956e+03 5.694991500000000087e+03 2.110218461270974358e-02
2.536561000000000149e+03 5.655670500000000175e+03 2.117439958412471387e-02
2.539241799999999785e+03 5.636009999999999309e+03 2.121599962341023937e-02
2.541921200000000226e+03 5.629456500000000233e+03 2.118477664898881646e-02
2.544599099999999908e+03 5.609795999999999367e+03 2.125784581717221275e-02
2.547275700000000143e+03 5.694991500000000087e+03 2.113304329545795043e-02
2.549950699999999870e+03 5.557368000000000393e+03 2.134228645075690600e-02
2.552624400000000151e+03 5.622903000000000247e+03 2.125784581717221275e-02
2.555296600000000126e+03 5.596689000000000306e+03 2.133167631515174925e-02
2.557967399999999998e+03 5.570475000000000364e+03 2.135291243421374302e-02
2.560636800000000221e+03 5.603242500000000291e+03 2.127886198228235576e-02
2.563304700000000139e+03 5.511493499999999585e+03 2.136355430501354555e-02
2.565971199999999953e+03 5.524600499999999556e+03 2.137421210278551628e-02
2.568636300000000119e+03 5.419744499999999789e+03 2.160177666884497208e-02
2.571300000000000182e+03 5.550814499999999498e+03 2.134228645075690600e-02
2.573962199999999939e+03 5.550814499999999498e+03 2.137421210278551628e-02
2.576623000000000047e+03 5.485279499999999643e+03 2.148167488225411967e-02
2.579282400000000052e+03 5.511493499999999585e+03 2.144926600051144314e-02
2.581940399999999954e+03 5.478725999999999658e+03 2.149251053231632930e-02
2.584596900000000005e+03 5.504940000000000509e+03 2.140628145630808429e-02
2.587252100000000155e+03 5.511493499999999585e+03 2.143849559260137608e-02
2.589905799999999999e+03 5.491832999999999629e+03 2.143849559260137608e-02
2.592558100000000195e+03 5.511493499999999585e+03 2.143849559260137608e-02
2.595208999999999833e+03 5.485279499999999643e+03 2.142774139298181391e-02
2.597858499999999822e+03 5.445958499999999731e+03 2.154693581705652977e-02
2.600506499999999960e+03 5.491832999999999629e+03 2.140628145630808429e-02
2.603153200000000197e+03 5.590135500000000320e+03 2.125784581717221275e-02
2.605798400000000129e+03 5.570475000000000364e+03 2.124736105904135447e-02
2.608442300000000159e+03 5.557368000000000393e+03 2.133167631515174925e-02
2.611084699999999884e+03 5.550814499999999498e+03 2.136355430501354555e-02
2.613725699999999961e+03 5.498386500000000524e+03 2.144926600051144314e-02
2.616365299999999934e+03 5.531154000000000451e+03 2.134228645075690600e-02
2.619003499999999804e+03 5.498386500000000524e+03 2.142774139298181391e-02
2.621640300000000025e+03 5.478725999999999658e+03 2.149251053231632930e-02
2.624275700000000143e+03 5.498386500000000524e+03 2.144926600051144314e-02
2.626909700000000157e+03 5.445958499999999731e+03 2.155787057331332371e-02
2.629542199999999866e+03 5.432851499999999760e+03 2.157979012200910915e-02
2.632173400000000129e+03 5.360762999999999920e+03 2.166814173048066047e-02
2.634803199999999833e+03 5.354209499999999935e+03 2.169039971450071463e-02
2.637431599999999889e+03 5.393530499999999847e+03 2.161279517334563707e-02
2.640058599999999842e+03 5.282121000000000095e+03 2.181405679147167473e-02
2.642684099999999944e+03 5.242800000000000182e+03 2.184815015448642386e-02
2.645308300000000145e+03 5.223139499999999316e+03 2.192832712174096546e-02
2.647931099999999788e+03 5.216586000000000240e+03 2.198613984300782850e-02
2.650552499999999782e+03 5.190372000000000298e+03 2.197454071804173445e-02
2.653172500000000127e+03 5.105176499999999578e+03 2.217425997590313086e-02
2.655791099999999915e+03 5.092069500000000517e+03 2.223404509377601909e-02
2.658408300000000054e+03 5.019980999999999767e+03 2.239177835985963969e-02
2.661024100000000089e+03 5.124837000000000444e+03 2.218617841802996912e-02
2.663638500000000022e+03 5.065855499999999665e+03 2.223404509377601909e-02
2.666251600000000053e+03 5.072408999999999651e+03 2.225809490620839215e-02
2.668863199999999779e+03 5.006873999999999796e+03 2.239177835985963969e-02
2.671473500000000058e+03 4.974106499999999869e+03 2.245334509239074391e-02
2.674082399999999780e+03 5.072408999999999651e+03 2.223404509377601909e-02
2.676689800000000105e+03 4.960999499999999898e+03 2.246571949128677373e-02
2.679295999999999822e+03 5.019980999999999767e+03 2.228222292945113148e-02
2.681900700000000143e+03 4.993766999999999825e+03 2.241634422392319026e-02
2.684503999999999905e+03 5.059302000000000589e+03 2.225809490620839215e-02
2.687105900000000020e+03 5.039641499999999724e+03 2.227014911500221905e-02
2.689706499999999778e+03 4.980659999999999854e+03 2.245334509239074391e-02
2.692305699999999888e+03 4.960999499999999898e+03 2.249052979094155399e-02
2.694903499999999894e+03 4.960999499999999898e+03 2.221007307053211172e-02
2.697499899999999798e+03 4.974106499999999869e+03 2.245334509239074391e-02
2.700094999999999800e+03 4.947892499999999927e+03 2.254039798917545009e-02
2.702688700000000154e+03 4.888911000000000058e+03 2.264113770000049375e-02
2.705280999999999949e+03 4.856143500000000131e+03 2.270479016661493613e-02
2.707871900000000096e+03 4.875803999999999178e+03 2.267926481827910179e-02
2.710461400000000140e+03 4.797162000000000262e+03 2.282073027452619432e-02
2.713049599999999828e+03 4.816822499999999309e+03 2.271758520294558242e-02
2.715636399999999867e+03 4.836483000000000175e+03 2.271758520294558242e-02
2.718221799999999803e+03 4.685752499999999600e+03 2.309831669516686919e-02
2.720805899999999838e+03 4.711966500000000451e+03 2.297811648625560157e-02
2.723388600000000224e+03 4.790608500000000276e+03 2.288591386994079727e-02
2.725969900000000052e+03 4.679199000000000524e+03 2.312528496669311387e-02
2.728549899999999980e+03 4.705413000000000466e+03 2.246571949128677373e-02
2.731128400000000056e+03 4.659538499999999658e+03 2.315234791915635540e-02
2.733705699999999979e+03 4.580896499999999833e+03 2.327531787898760862e-02
2.736281500000000051e+03 4.613664000000000669e+03 2.319312109060557570e-02
2.738856000000000222e+03 4.613664000000000669e+03 2.323411043820757665e-02
2.741429099999999835e+03 4.646431500000000597e+03 2.315234791915635540e-02
2.744000900000000001e+03 4.607110499999999774e+03 2.326155771350531254e-02
2.746571300000000065e+03 4.692305999999999585e+03 2.307144255378639972e-02
2.749140300000000025e+03 4.685752499999999600e+03 2.308486789245749529e-02
2.751708000000000084e+03 4.659538499999999658e+03 2.312528496669311387e-02
2.754274300000000039e+03 4.764394500000000335e+03 2.292529316009591506e-02
2.756839300000000094e+03 4.620217499999999745e+03 2.320676009271975190e-02
2.759402900000000045e+03 4.666091999999999643e+03 2.304466199623585523e-02
2.761965200000000095e+03 4.666091999999999643e+03 2.311178903034276019e-02
2.764525999999999840e+03 4.666091999999999643e+03 2.311178903034276019e-02
2.767085599999999886e+03 4.639877999999999702e+03 2.315234791915635540e-02
2.769643799999999828e+03 4.646431500000000597e+03 2.319312109060557570e-02
2.772200600000000122e+03 4.587450000000000728e+03 2.331674535385560784e-02
2.774756100000000060e+03 4.652984999999999673e+03 2.316591507409695994e-02
2.777310199999999895e+03 4.508807999999999993e+03 2.338628545861533639e-02
2.779862999999999829e+03 4.521914999999999964e+03 2.317950610787045465e-02
2.782414400000000114e+03 4.541575499999999920e+03 2.340026829123004193e-02
2.784964500000000044e+03 4.508807999999999993e+03 2.342830936574983453e-02
2.787513199999999870e+03 4.417059000000000196e+03 2.367080061156107140e-02
2.790060599999999795e+03 4.476040500000000065e+03 2.354149026299170999e-02
2.792606699999999819e+03 4.403951999999999316e+03 2.372895991449023093e-02
2.795151400000000194e+03 4.344970499999999447e+03 2.389113549494918665e-02
2.797694700000000012e+03 4.371184499999999389e+03 2.375820078807892519e-02
2.800236699999999928e+03 4.364631000000000313e+03 2.377286182050668620e-02
2.802777399999999943e+03 4.338416999999999462e+03 2.389113549494918665e-02
2.805316699999999855e+03 4.384291500000000269e+03 2.374356684718442051e-02
2.807854699999999866e+03 4.358077500000000327e+03 2.378755002816106134e-02
2.810391299999999774e+03 4.377738000000000284e+03 2.381700830573720007e-02
2.812926599999999780e+03 4.397398500000000240e+03 2.374356684718442051e-02
2.815460599999999886e+03 4.397398500000000240e+03 2.375820078807892519e-02
2.817993199999999888e+03 4.318756500000000415e+03 2.384657629763906744e-02
2.820524499999999989e+03 4.456380000000000109e+03 2.358435795906480351e-02
2.823054500000000189e+03 4.476040500000000065e+03 2.355575351196037906e-02
2.825583099999999831e+03 4.430165999999999258e+03 2.369982674216115914e-02
2.828110400000000027e+03 4.417059000000000196e+03 2.367080061156107140e-02
2.830636399999999867e+03 4.462933499999999185e+03 2.357004271771002968e-02
2.833161000000000058e+03 4.548128999999999905e+03 2.338628545861533639e-02
2.835684299999999894e+03 4.417059000000000196e+03 2.367080061156107140e-02
2.838206299999999828e+03 4.423612500000000182e+03 2.367080061156107140e-02
2.840726900000000114e+03 4.515361499999999978e+03 2.344236775847355694e-02
2.843246200000000044e+03 4.449826500000000124e+03 2.362746069004507260e-02
2.845764200000000073e+03 4.495701000000000022e+03 2.347056063427619896e-02
2.848280900000000202e+03 4.430165999999999258e+03 2.367080061156107140e-02
2.850796200000000226e+03 4.423612500000000182e+03 2.369982674216115914e-02
2.853310199999999895e+03 4.410505500000000211e+03 2.367080061156107140e-02
2.855822900000000118e+03 4.338416999999999462e+03 2.387625468659487771e-02
2.858334199999999782e+03 4.338416999999999462e+03 2.377286182050668620e-02
2.860844300000000203e+03 4.344970499999999447e+03 2.384657629763906744e-02
2.863353000000000065e+03 4.410505500000000211e+03 2.372895991449023093e-02
2.865860400000000027e+03 4.325310000000000400e+03 2.392098077266305994e-02
2.868366399999999885e+03 4.351524000000000342e+03 2.377286182050668620e-02
2.870871200000000044e+03 4.344970499999999447e+03 2.386140164958258300e-02
2.873374600000000100e+03 4.266328500000000531e+03 2.405668235107864122e-02
2.875876699999999801e+03 4.364631000000000313e+03 2.375820078807892519e-02
2.878377500000000055e+03 4.292542500000000473e+03 2.399608607763249052e-02
2.880876999999999953e+03 4.331863500000000386e+03 2.384657629763906744e-02
2.883375199999999950e+03 4.377738000000000284e+03 2.371437990702183682e-02
2.885872100000000046e+03 4.436719500000000153e+03 2.358435795906480351e-02
2.888367600000000039e+03 4.344970499999999447e+03 2.378755002816106134e-02
2.890861800000000130e+03 4.351524000000000342e+03 2.380226549509782685e-02
2.893354800000000068e+03 4.325310000000000400e+03 2.384657629763906744e-02
2.895846399999999903e+03 4.358077500000000327e+03 2.381700830573720007e-02
2.898336699999999837e+03 4.390845000000000255e+03 2.374356684718442051e-02
2.900825699999999870e+03 4.423612500000000182e+03 2.358435795906480351e-02
2.903313400000000001e+03 4.469487000000000080e+03 2.345645148924745127e-02
2.905799700000000030e+03 4.456380000000000109e+03 2.357004271771002968e-02
2.908284799999999905e+03 4.449826500000000124e+03 2.358435795906480351e-02
2.910768599999999878e+03 4.515361499999999978e+03 2.340026829123004193e-02
2.913251000000000204e+03 4.561235999999999876e+03 2.333060374756285721e-02
2.915732199999999921e+03 4.482594000000000051e+03 2.352725289231359998e-02
2.918212100000000191e+03 4.449826500000000124e+03 2.345645148924745127e-02
2.920690599999999904e+03 4.489147500000000036e+03 2.347056063427619896e-02
2.923167899999999918e+03 4.462933499999999185e+03 2.354149026299170999e-02
2.925643799999999828e+03 4.397398500000000240e+03 2.371437990702183682e-02
2.928118500000000040e+03 4.403951999999999316e+03 2.364188086879977571e-02
2.930591800000000148e+03 4.462933499999999185e+03 2.359869931518435507e-02
2.933063900000000103e+03 4.338416999999999462e+03 2.384657629763906744e-02
2.935534700000000157e+03 4.325310000000000400e+03 2.389113549494918665e-02
2.938004100000000108e+03 4.331863500000000386e+03 2.383177854486587255e-02
2.940472299999999905e+03 4.384291500000000269e+03 2.377286182050668620e-02
2.942939199999999801e+03 4.266328500000000531e+03 2.401119220823010394e-02
2.945404700000000048e+03 4.285988999999999578e+03 2.401119220823010394e-02
2.947869000000000142e+03 4.154918999999999869e+03 2.433516126123821607e-02
2.950331999999999880e+03 4.213900499999999738e+03 2.416383959569009740e-02
2.952793700000000172e+03 4.174579500000000735e+03 2.430374076877859016e-02
2.955254199999999855e+03 4.154918999999999869e+03 2.436670393327429809e-02
2.957713299999999890e+03 4.161472499999999854e+03 2.433516126123821607e-02
2.960171100000000024e+03 4.161472499999999854e+03 2.428807609375847193e-02
2.962627700000000004e+03 4.154918999999999869e+03 2.430374076877859016e-02
2.965082899999999881e+03 4.141812000000000808e+03 2.438252133444233916e-02
2.967536900000000060e+03 4.207346999999999753e+03 2.422571892772734659e-02
2.969989599999999882e+03 4.148365499999999884e+03 2.433516126123821607e-02
2.972440999999999804e+03 4.141812000000000808e+03 2.427244166916203358e-02
2.974891099999999824e+03 4.200793500000000677e+03 2.414844371034519099e-02
2.977340000000000146e+03 4.233561000000000604e+03 2.411774001870354775e-02
2.979787499999999909e+03 4.161472499999999854e+03 2.425683739775227193e-02
2.982233799999999974e+03 4.200793500000000677e+03 2.414844371034519099e-02
2.984678800000000138e+03 4.187686499999999796e+03 2.425683739775227193e-02
2.987122499999999945e+03 4.148365499999999884e+03 2.433516126123821607e-02
2.989565000000000055e+03 4.115597999999999956e+03 2.443015899887720013e-02
2.992006100000000060e+03 4.194239999999999782e+03 2.428807609375847193e-02
2.994445999999999913e+03 4.102490999999999985e+03 2.449411240410903287e-02
2.996884599999999864e+03 4.023849000000000160e+03 2.467260780027276737e-02
2.999322000000000116e+03 4.023849000000000160e+03 2.472196951910847484e-02
3.001757999999999811e+03 4.004188500000000204e+03 2.472196951910847484e-02
3.004192799999999806e+03 3.958314000000000306e+03 2.488867383201098446e-02
3.006626299999999901e+03 3.886225500000000011e+03 2.509324171527356484e-02
3.009058500000000095e+03 3.892778999999999996e+03 2.509324171527356484e-02
3.011489500000000135e+03 3.860011500000000069e+03 2.514517673126471717e-02
3.013919199999999819e+03 3.860011500000000069e+03 2.511051761523068818e-02
3.016347600000000057e+03 3.866564999999999600e+03 2.514517673126471717e-02
3.018774800000000141e+03 3.768262500000000273e+03 2.533840132898453751e-02
3.021200699999999870e+03 3.814137000000000171e+03 2.526762353338665376e-02
3.023625300000000152e+03 3.899332499999999982e+03 2.500739390389585329e-02
3.026048699999999826e+03 3.866564999999999600e+03 2.512782924611517074e-02
3.028470800000000054e+03 3.892778999999999996e+03 2.502449297864854649e-02
3.030891599999999926e+03 3.853458000000000084e+03 2.516256019461392615e-02
3.033311200000000099e+03 3.886225500000000011e+03 2.505879661775269399e-02
3.035729499999999916e+03 3.886225500000000011e+03 2.504162717646475980e-02
3.038146499999999833e+03 3.820690499999999702e+03 2.517997976069796112e-02
3.040562300000000050e+03 3.827244000000000142e+03 2.519743555465631113e-02
3.042976799999999912e+03 3.801030000000000200e+03 2.530293818868215028e-02
3.045389999999999873e+03 3.801030000000000200e+03 2.535618890669574105e-02
3.047802000000000135e+03 3.755155499999999847e+03 2.548175976479030366e-02
3.050212799999999788e+03 3.748601999999999862e+03 2.548175976479030366e-02
3.052622199999999793e+03 3.715834499999999935e+03 2.557260411626061450e-02
3.055030499999999847e+03 3.676513500000000022e+03 2.573860184698211623e-02
3.057437399999999798e+03 3.591318000000000211e+03 2.602259648766626354e-02
3.059843199999999797e+03 3.565103999999999814e+03 2.611937107410598410e-02
3.062247600000000148e+03 3.499569000000000415e+03 2.615838434614676730e-02
3.064650799999999890e+03 3.525782999999999902e+03 2.619757295889965990e-02
3.067052799999999934e+03 3.584764499999999771e+03 2.606117708184977830e-02
3.069453500000000076e+03 3.512675999999999931e+03 2.615838434614676730e-02
3.071852899999999863e+03 3.466801500000000033e+03 2.639619273146662920e-02
3.074251099999999951e+03 3.558550500000000284e+03 2.613885587433472171e-02
3.076648000000000138e+03 3.512675999999999931e+03 2.606117708184977830e-02
3.079043700000000172e+03 3.578211000000000240e+03 2.602259648766626354e-02
3.081438200000000052e+03 3.499569000000000415e+03 2.619757295889965990e-02
3.083831400000000031e+03 3.558550500000000284e+03 2.604186535108968248e-02
3.086223399999999856e+03 3.434034000000000106e+03 2.649721182521986781e-02
3.088614099999999780e+03 3.401266500000000178e+03 2.661997948714684217e-02
3.091003499999999804e+03 3.348838499999999840e+03 2.682843983176127697e-02
3.093391799999999876e+03 3.348838499999999840e+03 2.689193918646182874e-02
3.095778699999999844e+03 3.152233499999999822e+03 2.750719385698535691e-02
3.098164499999999862e+03 3.152233499999999822e+03 2.759858013483766290e-02
3.100548999999999978e+03 3.152233499999999822e+03 2.752995529559822130e-02
3.102932200000000194e+03 3.191554500000000189e+03 2.743924679432046751e-02
3.105314199999999801e+03 3.119466000000000349e+03 2.766772073621676098e-02
3.107695000000000164e+03 3.119466000000000349e+03 2.769088333611792463e-02
3.110074500000000171e+03 3.185000999999999749e+03 2.750719385698535691e-02
3.112452800000000025e+03 3.152233499999999822e+03 2.755277333125656300e-02
3.114829900000000180e+03 3.080144999999999982e+03 2.785466692178434345e-02
3.117205699999999979e+03 3.040823999999999614e+03 2.799739031689066002e-02
3.119580300000000079e+03 3.014610000000000127e+03 2.814233032078006930e-02
3.121953700000000026e+03 2.981842499999999745e+03 2.836402387604650480e-02
3.124325800000000072e+03 2.896647000000000389e+03 2.864223317633882854e-02
3.126696699999999964e+03 2.772130499999999756e+03 2.922412929454107008e-02
3.129066299999999956e+03 2.818004999999999654e+03 2.892879289427283812e-02
3.131434699999999793e+03 2.798344500000000153e+03 2.908876900552399142e-02
3.133801899999999932e+03 2.785237500000000182e+03 2.911569059296648110e-02
3.136167899999999918e+03 2.785237500000000182e+03 2.911569059296648110e-02
3.138532600000000002e+03 2.759023499999999785e+03 2.936139697939658261e-02
3.140896099999999933e+03 2.641060500000000047e+03 2.972754845045770533e-02
3.143258400000000165e+03 2.595186000000000149e+03 3.007798352099939551e-02
3.145619400000000041e+03 2.542758000000000266e+03 3.028821661857384467e-02
3.147979299999999967e+03 2.595186000000000149e+03 3.010774897461780328e-02
3.150337899999999991e+03 2.536204499999999825e+03 3.022770064079843139e-02
3.152695200000000114e+03 2.542758000000000266e+03 3.034909751743073217e-02
3.155051399999999830e+03 2.496883499999999913e+03 3.065910655892578260e-02
3.157406300000000101e+03 2.365813500000000204e+03 3.127526865232993503e-02
3.159760000000000218e+03 2.359259999999999764e+03 3.144368811803301828e-02
3.162112500000000182e+03 2.398581000000000131e+03 3.114246436386230305e-02
3.164463799999999992e+03 2.398581000000000131e+03 3.117550677566472556e-02
3.166813799999999901e+03 2.287171499999999924e+03 3.175382515030236719e-02
3.169162600000000111e+03 2.267510999999999967e+03 3.185926149516809386e-02
3.171510200000000168e+03 2.241297000000000025e+03 3.210942218446212471e-02
3.173856600000000071e+03 2.234743500000000040e+03 3.210942218446212471e-02
3.176201799999999821e+03 2.234743500000000040e+03 3.218198594295865883e-02
3.178545700000000124e+03 2.123333999999999833e+03 3.285799409138744770e-02
