-3.075250000000000128e+01 4.390844999999999914e+02 3.776343221656854043e-02
-2.660050000000000026e+01 4.390844999999999914e+02 3.776343221656854043e-02
-2.245090000000000074e+01 4.390844999999999914e+02 3.776343221656854043e-02
-1.830389999999999873e+01 4.390844999999999914e+02 3.776343221656854043e-02
-1.415949999999999953e+01 4.390844999999999914e+02 3.776343221656854043e-02
-1.001759999999999984e+01 4.390844999999999914e+02 3.776343221656854043e-02
-5.878199999999999648e+00 4.390844999999999914e+02 3.776343221656854043e-02
-1.741400000000000059e+00 4.390844999999999914e+02 3.776343221656854043e-02
2.392900000000000027e+00 4.390844999999999914e+02 3.776343221656854043e-02
6.524700000000000166e+00 4.390844999999999914e+02 3.776343221656854043e-02
1.065390000000000015e+01 4.390844999999999914e+02 3.776343221656854043e-02
1.478059999999999974e+01 4.390844999999999914e+02 3.776343221656854043e-02
1.890480000000000160e+01 4.390844999999999914e+02 3.776343221656854043e-02
2.302649999999999864e+01 4.390844999999999914e+02 3.776343221656854043e-02
2.714560000000000173e+01 4.390844999999999914e+02 3.776343221656854043e-02
3.126219999999999999e+01 4.390844999999999914e+02 3.776343221656854043e-02
3.537639999999999674e+01 4.390844999999999914e+02 3.776343221656854043e-02
3.948790000000000333e+01 4.390844999999999914e+02 3.776343221656854043e-02
4.359700000000000131e+01 4.390844999999999914e+02 3.776343221656854043e-02
4.770360000000000156e+01 4.390844999999999914e+02 3.776343221656854043e-02
5.180769999999999698e+01 4.390844999999999914e+02 3.776343221656854043e-02
5.590919999999999845e+01 4.390844999999999914e+02 3.776343221656854043e-02
6.000829999999999842e+01 4.390844999999999914e+02 3.776343221656854043e-02
6.410479999999999734e+01 4.390844999999999914e+02 3.776343221656854043e-02
6.819889999999999475e+01 4.390844999999999914e+02 3.776343221656854043e-02
7.229040000000000532e+01 4.390844999999999914e+02 3.776343221656854043e-02
7.637949999999999307e+01 4.390844999999999914e+02 3.776343221656854043e-02
8.046609999999999729e+01 4.390844999999999914e+02 3.776343221656854043e-02
8.455010000000000048e+01 4.390844999999999914e+02 3.776343221656854043e-02
8.863169999999999504e+01 4.390844999999999914e+02 3.776343221656854043e-02
9.271080000000000609e+01 4.390844999999999914e+02 3.776343221656854043e-02
9.678740000000000521e+01 4.390844999999999914e+02 3.776343221656854043e-02
1.008615999999999957e+02 4.390844999999999914e+02 3.776343221656854043e-02
1.049331999999999994e+02 4.390844999999999914e+02 3.776343221656854043e-02
1.090023999999999944e+02 4.390844999999999914e+02 3.776343221656854043e-02
1.130691000000000059e+02 4.390844999999999914e+02 3.776343221656854043e-02
1.171333000000000055e+02 4.390844999999999914e+02 3.776343221656854043e-02
1.211949999999999932e+02 4.390844999999999914e+02 3.776343221656854043e-02
1.252543000000000006e+02 4.390844999999999914e+02 3.776343221656854043e-02
1.293111000000000104e+02 4.390844999999999914e+02 3.776343221656854043e-02
1.333653999999999940e+02 4.390844999999999914e+02 3.776343221656854043e-02
1.374173000000000116e+02 4.390844999999999914e+02 3.776343221656854043e-02
1.414667000000000030e+02 4.390844999999999914e+02 3.776343221656854043e-02
1.455137000000000000e+02 4.390844999999999914e+02 3.776343221656854043e-02
1.495581999999999994e+02 4.390844999999999914e+02 3.776343221656854043e-02
1.536002000000000010e+02 4.390844999999999914e+02 3.776343221656854043e-02
1.576398000000000081e+02 4.390844999999999914e+02 3.776343221656854043e-02
1.616768999999999892e+02 4.390844999999999914e+02 3.776343221656854043e-02
1.657116000000000042e+02 4.390844999999999914e+02 3.776343221656854043e-02
1.697437999999999931e+02 4.390844999999999914e+02 3.776343221656854043e-02
1.737735999999999876e+02 4.390844999999999914e+02 3.776343221656854043e-02
1.778009000000000128e+02 4.390844999999999914e+02 3.776343221656854043e-02
1.818257999999999868e+02 4.652985000000000468e+02 3.770474774876240304e-02
1.858481999999999914e+02 4.390844999999999914e+02 3.747271632829868998e-02
1.898683000000000050e+02 5.308334999999999582e+02 3.776343221656854043e-02
1.938857999999999890e+02 1.310700000000000045e+03 2.892879289427283812e-02
1.979010000000000105e+02 1.087881000000000085e+03 3.081771654943555802e-02
2.019137000000000057e+02 6.094754999999998972e+02 3.730147681997378339e-02
2.059240000000000066e+02 6.029220000000000255e+02 3.724491654965256249e-02
2.099318000000000097e+02 5.963685000000000400e+02 3.753032238279591787e-02
2.139371999999999900e+02 4.325310000000000059e+02 3.626889744848886543e-02
2.179402000000000044e+02 3.211214999999999691e+02 4.079976189328438085e-02
2.219407999999999959e+02 4.063170000000000073e+02 4.187971541019194777e-02
2.259388999999999896e+02 4.259774999999999636e+02 4.094893885125184402e-02
2.299346999999999923e+02 8.060805000000000291e+02 3.430434842818015639e-02
2.339279999999999973e+02 1.127201999999999998e+03 3.137599441600723987e-02
2.379189000000000078e+02 7.405454999999999472e+02 3.580880824073244539e-02
2.419073999999999955e+02 6.291359999999999673e+02 3.747271632829868998e-02
2.458934999999999889e+02 4.980659999999999741e+02 3.886893679016272668e-02
2.498771000000000129e+02 6.094754999999998972e+02 3.753032238279591787e-02
2.538583999999999889e+02 6.160289999999999964e+02 3.685607008055883510e-02
2.578373000000000275e+02 5.963685000000000400e+02 3.730147681997378339e-02
2.618136999999999830e+02 5.373870000000000573e+02 3.776343221656854043e-02
2.657878000000000043e+02 3.604424999999999955e+02 4.179971588077281003e-02
2.697594000000000278e+02 3.014610000000000127e+02 4.279115127691203446e-02
2.737287000000000035e+02 3.145679999999999836e+02 4.270582486842748604e-02
2.776954999999999814e+02 4.521915000000000191e+02 4.079976189328438085e-02
2.816600000000000250e+02 3.211214999999999691e+02 4.279115127691203446e-02
2.856220999999999890e+02 3.473355000000000246e+02 4.094893885125184402e-02
2.895817999999999870e+02 2.883540000000000418e+02 4.220436922541948715e-02
2.935391000000000190e+02 4.128704999999999927e+02 4.043383735459044753e-02
2.974940000000000282e+02 4.587450000000000045e+02 3.986830128777176657e-02
3.014465000000000146e+02 3.866564999999999941e+02 4.279115127691203446e-02
3.053967000000000098e+02 3.211214999999999691e+02 4.367353588944971471e-02
3.093444000000000074e+02 3.473355000000000246e+02 4.340310891848280644e-02
3.132898000000000138e+02 3.145679999999999836e+02 4.404209546909487738e-02
3.172327999999999975e+02 2.359259999999999877e+02 4.367353588944971471e-02
3.211734999999999900e+02 3.932100000000000364e+02 4.072578220976776769e-02
3.251116999999999848e+02 3.211214999999999691e+02 4.279115127691203446e-02
3.290475999999999885e+02 3.473355000000000246e+02 4.212249840297802722e-02
3.329812000000000012e+02 3.604424999999999955e+02 4.117580451443193790e-02
3.369123000000000161e+02 2.752469999999999573e+02 4.540958033322987225e-02
3.408410999999999831e+02 3.342284999999999968e+02 4.413570257888117104e-02
3.447676000000000158e+02 3.145679999999999836e+02 4.413570257888117104e-02
3.486917000000000257e+02 2.818004999999999995e+02 4.461285917666479861e-02
3.526134000000000128e+02 3.276750000000000114e+02 4.245287600048053278e-02
3.565326999999999771e+02 3.866564999999999941e+02 4.179971588077281003e-02
3.604497000000000071e+02 3.211214999999999691e+02 4.461285917666479861e-02
3.643643999999999892e+02 2.949074999999999704e+02 4.551220098463243380e-02
3.682767000000000053e+02 3.145679999999999836e+02 4.461285917666479861e-02
3.721866999999999734e+02 3.801029999999999518e+02 4.358283270558153955e-02
3.760942999999999756e+02 2.555865000000000009e+02 4.635901221574090930e-02
3.799995000000000118e+02 2.228189999999999884e+02 4.714008543542005936e-02
3.839024000000000001e+02 1.900514999999999759e+02 4.725492138009014520e-02
3.878029999999999973e+02 3.276750000000000114e+02 4.582428830465289787e-02
3.917013000000000034e+02 2.686935000000000286e+02 4.668897376208468175e-02
3.955971999999999866e+02 2.424795000000000016e+02 4.702608264353498602e-02
3.994907000000000039e+02 2.359259999999999877e+02 4.702608264353498602e-02
4.033820000000000050e+02 2.293725000000000023e+02 4.760453099019565371e-02
4.072708999999999833e+02 1.507305000000000064e+02 4.870183455071955270e-02
4.111573999999999955e+02 1.900514999999999759e+02 4.921449956800932890e-02
4.150416999999999916e+02 2.228189999999999884e+02 4.857615218751694386e-02
4.189236000000000217e+02 2.162655000000000030e+02 4.772280329916516600e-02
4.228032000000000039e+02 1.966050000000000182e+02 4.748713369436884102e-02
4.266804000000000201e+02 2.162655000000000030e+02 4.832767919138019480e-02
4.305554000000000201e+02 2.228189999999999884e+02 4.882849753329315812e-02
4.344279999999999973e+02 2.162655000000000030e+02 4.784196154532611989e-02
4.382982999999999834e+02 2.293725000000000023e+02 4.772280329916516600e-02
4.421662999999999784e+02 2.621399999999999864e+02 4.772280329916516600e-02
4.460319999999999823e+02 2.424795000000000016e+02 4.808298050922980155e-02
4.498953999999999951e+02 2.555865000000000009e+02 4.635901221574090930e-02
4.537563999999999851e+02 2.818004999999999995e+02 4.657820498500434003e-02
4.576152000000000157e+02 2.359259999999999877e+02 4.882849753329315812e-02
4.614716000000000236e+02 2.031585000000000036e+02 4.921449956800932890e-02
4.653258000000000152e+02 1.572839999999999918e+02 4.934521560054553474e-02
4.691775999999999840e+02 1.900514999999999759e+02 5.114520823252122900e-02
4.730271000000000186e+02 1.769445000000000050e+02 5.071237781339148210e-02
4.768743999999999801e+02 1.507305000000000064e+02 5.143999573558338118e-02
4.807192999999999756e+02 1.900514999999999759e+02 5.001478780779170658e-02
4.845620000000000118e+02 2.293725000000000023e+02 4.974370295070591058e-02
4.884023000000000252e+02 1.769445000000000050e+02 5.099970236660547607e-02
4.922404000000000224e+02 2.228189999999999884e+02 5.099970236660547607e-02
4.960761999999999716e+02 1.638375000000000057e+02 5.204519297533252709e-02
4.999096999999999866e+02 1.834979999999999905e+02 5.042985540447315201e-02
5.037409000000000106e+02 2.228189999999999884e+02 4.974370295070591058e-02
5.075697999999999865e+02 2.228189999999999884e+02 5.015200284699847938e-02
5.113964000000000283e+02 1.900514999999999759e+02 5.085543134951424349e-02
5.152208000000000538e+02 2.293725000000000023e+02 4.960980310365376011e-02
5.190429000000000315e+02 1.966050000000000182e+02 5.042985540447315201e-02
5.228627000000000180e+02 1.703909999999999911e+02 4.394908143608346890e-02
5.266802000000000135e+02 1.769445000000000050e+02 5.189189310485069206e-02
5.304954999999999927e+02 1.834979999999999905e+02 4.725492138009014520e-02
5.343084999999999809e+02 2.293725000000000023e+02 4.987869289482389085e-02
5.381191999999999780e+02 2.818004999999999995e+02 4.772280329916516600e-02
5.419275999999999840e+02 2.883540000000000418e+02 4.702608264353498602e-02
5.457337999999999738e+02 2.162655000000000030e+02 4.974370295070591058e-02
5.495376999999999725e+02 1.638375000000000057e+02 5.099970236660547607e-02
5.533393999999999551e+02 1.834979999999999905e+02 5.099970236660547607e-02
5.571387999999999465e+02 2.162655000000000030e+02 4.974370295070591058e-02
5.609358999999999469e+02 2.097120000000000175e+02 5.001478780779170658e-02
5.647308000000000447e+02 1.703909999999999911e+02 5.085543134951424349e-02
5.685234000000000378e+02 1.834979999999999905e+02 5.114520823252122900e-02
5.723138000000000147e+02 2.031585000000000036e+02 5.029035346252943434e-02
5.761019000000000005e+02 2.162655000000000030e+02 4.987869289482389085e-02
5.798877999999999702e+02 2.031585000000000036e+02 4.947697876060643679e-02
5.836713999999999487e+02 1.834979999999999905e+02 5.057052473045308555e-02
5.874528000000000247e+02 2.031585000000000036e+02 4.947697876060643679e-02
5.912318999999999960e+02 2.031585000000000036e+02 5.057052473045308555e-02
5.950087999999999511e+02 1.769445000000000050e+02 5.085543134951424349e-02
5.987835000000000036e+02 1.769445000000000050e+02 5.001478780779170658e-02
6.025558999999999514e+02 1.703909999999999911e+02 5.099970236660547607e-02
6.063260999999999967e+02 2.031585000000000036e+02 4.947697876060643679e-02
6.100940000000000509e+02 1.703909999999999911e+02 5.114520823252122900e-02
6.138596999999999753e+02 1.769445000000000050e+02 5.129196666397189269e-02
6.176231999999999971e+02 1.507305000000000064e+02 5.143999573558338118e-02
6.213845000000000027e+02 1.638375000000000057e+02 5.143999573558338118e-02
6.251435000000000173e+02 1.441770000000000209e+02 5.114520823252122900e-02
6.289003000000000156e+02 1.966050000000000182e+02 4.974370295070591058e-02
6.326548000000000229e+02 1.638375000000000057e+02 5.114520823252122900e-02
6.364071999999999889e+02 1.834979999999999905e+02 4.870183455071955270e-02
6.401572999999999638e+02 1.834979999999999905e+02 5.015200284699847938e-02
6.439052000000000362e+02 2.162655000000000030e+02 5.015200284699847938e-02
6.476508999999999787e+02 1.834979999999999905e+02 5.114520823252122900e-02
6.513944000000000187e+02 1.638375000000000057e+02 5.173993994377396738e-02
6.551355999999999540e+02 1.703909999999999911e+02 5.099970236660547607e-02
6.588746999999999616e+02 2.228189999999999884e+02 4.974370295070591058e-02
6.626114999999999782e+02 1.638375000000000057e+02 5.085543134951424349e-02
6.663461999999999534e+02 1.900514999999999759e+02 5.015200284699847938e-02
6.700786000000000513e+02 1.834979999999999905e+02 5.029035346252943434e-02
6.738088000000000193e+02 1.834979999999999905e+02 5.042985540447315201e-02
6.775367999999999711e+02 1.572839999999999918e+02 5.158931388924774264e-02
6.812626000000000204e+02 1.900514999999999759e+02 4.934521560054553474e-02
6.849862000000000535e+02 1.834979999999999905e+02 5.015200284699847938e-02
6.887075999999999567e+02 2.031585000000000036e+02 4.987869289482389085e-02
6.924269000000000460e+02 1.834979999999999905e+02 5.042985540447315201e-02
6.961439000000000306e+02 1.703909999999999911e+02 5.015200284699847938e-02
6.998586999999999989e+02 1.966050000000000182e+02 5.071237781339148210e-02
7.035712999999999511e+02 1.834979999999999905e+02 5.015200284699847938e-02
7.072817999999999756e+02 2.293725000000000023e+02 4.820486405207096564e-02
7.109900999999999840e+02 2.031585000000000036e+02 4.947697876060643679e-02
7.146961000000000013e+02 2.031585000000000036e+02 4.987869289482389085e-02
7.183999999999999773e+02 1.966050000000000182e+02 4.974370295070591058e-02
7.221017000000000507e+02 1.900514999999999759e+02 4.921449956800932890e-02
7.258011999999999944e+02 1.966050000000000182e+02 4.520640445801725471e-02
7.294986000000000104e+02 1.966050000000000182e+02 4.882849753329315812e-02
7.331938000000000102e+02 1.966050000000000182e+02 4.870183455071955270e-02
7.368867999999999938e+02 2.097120000000000175e+02 4.895615395384239621e-02
7.405775999999999613e+02 1.966050000000000182e+02 4.832767919138019480e-02
7.442662000000000262e+02 1.834979999999999905e+02 4.832767919138019480e-02
7.479527000000000498e+02 2.097120000000000175e+02 4.845143785545469317e-02
7.516369999999999436e+02 2.031585000000000036e+02 4.784196154532611989e-02
7.553191000000000486e+02 1.900514999999999759e+02 4.820486405207096564e-02
7.589990999999999985e+02 2.097120000000000175e+02 4.760453099019565371e-02
7.626769000000000460e+02 2.293725000000000023e+02 4.646822087641515331e-02
7.663526000000000522e+02 1.769445000000000050e+02 4.737060067528919838e-02
7.700261000000000422e+02 2.031585000000000036e+02 4.625056993338622774e-02
7.736974000000000160e+02 2.228189999999999884e+02 4.748713369436884102e-02
7.773665999999999485e+02 2.162655000000000030e+02 4.748713369436884102e-02
7.810335999999999785e+02 2.228189999999999884e+02 4.702608264353498602e-02
7.846984999999999673e+02 2.097120000000000175e+02 4.691290297849490254e-02
7.883612000000000535e+02 2.031585000000000036e+02 4.760453099019565371e-02
7.920217000000000098e+02 2.031585000000000036e+02 4.702608264353498602e-02
7.956801000000000386e+02 2.097120000000000175e+02 4.702608264353498602e-02
7.993364000000000260e+02 -1.410636602223377167e+00 4.680053658246008386e-02
8.029904999999999973e+02 -1.290694022306610123e+00 4.808298050922980155e-02
8.066425000000000409e+02 1.193626249540412232e+01 4.530765073144059352e-02
8.102922999999999547e+02 3.827023269711844478e+01 4.668897376208468175e-02
8.139400000000000546e+02 -2.714478368289005061e+01 4.820486405207096564e-02
8.175855999999999995e+02 -1.391778692240416149e+01 4.530765073144059352e-02
8.212290000000000418e+02 -1.379777730482928177e+01 4.808298050922980155e-02
8.248703000000000429e+02 -3.333825430359487996e+01 4.960980310365376011e-02
8.285094000000000278e+02 -7.004216702043891019e+00 4.820486405207096564e-02
8.321464999999999463e+02 6.222837286664258727e+00 4.760453099019565371e-02
8.357812999999999874e+02 -2.642459010036395739e+01 4.748713369436884102e-02
8.394140999999999622e+02 -1.319749629569014360e+01 4.882849753329315812e-02
8.430447000000000344e+02 1.313662147850368456e+01 4.772280329916516600e-02
8.466731999999999516e+02 2.636376609044120300e+01 4.737060067528919838e-02
8.502996000000000549e+02 2.699404083166427881e-01 4.772280329916516600e-02
8.539239000000000033e+02 -6.163352699825566106e+00 4.832767919138019480e-02
8.575460000000000491e+02 2.017088963378887456e+01 4.635901221574090930e-02
8.611660000000000537e+02 7.184170276544250555e+00 4.832767919138019480e-02
8.647839999999999918e+02 1.385799208876102284e+01 4.784196154532611989e-02
8.683997000000000526e+02 1.397835792357540186e+01 4.845143785545469317e-02
8.720134000000000469e+02 7.545270626819160498e+00 4.820486405207096564e-02
8.756250000000000000e+02 -1.199476696310057378e+01 4.832767919138019480e-02
8.792344000000000506e+02 -3.153475200876854956e+01 4.934521560054553474e-02
8.828418000000000347e+02 1.446031831956491942e+01 4.832767919138019480e-02
8.864470000000000027e+02 1.473946843863274125e+00 4.870183455071955270e-02
8.900502000000000180e+02 1.470163638473673018e+01 4.857615218751694386e-02
8.936512000000000171e+02 2.792938976132140283e+01 4.845143785545469317e-02
8.972500999999999749e+02 1.836209791158864846e+00 4.808298050922980155e-02
9.008469000000000051e+02 -4.596400716478029835e+00 4.870183455071955270e-02
9.044416999999999689e+02 2.078061039293629619e+00 4.934521560054553474e-02
9.080343000000000302e+02 -1.090790214260022140e+01 4.934521560054553474e-02
9.116248000000000502e+02 1.542721253468829445e+01 4.857615218751694386e-02
9.152133000000000038e+02 -1.066559213419216690e+01 4.974370295070591058e-02
9.187996000000000549e+02 -1.054431335691290883e+01 4.974370295070591058e-02
9.223839000000000397e+02 2.889805165641323015e+01 4.845143785545469317e-02
9.259660000000000082e+02 -3.651549430688919529e+01 4.921449956800932890e-02
9.295461000000000240e+02 9.480551537820360863e+00 4.947697876060643679e-02
9.331240999999999985e+02 2.270919197237719800e+01 4.895615395384239621e-02
9.367000000000000455e+02 3.170429775689257212e+00 4.934521560054553474e-02
9.402739000000000260e+02 3.292267723616078001e+00 4.908481686679500716e-02
9.438455999999999904e+02 1.652120858884669019e+01 4.921449956800932890e-02
9.474153000000000020e+02 3.536255140777711858e+00 4.947697876060643679e-02
9.509828999999999724e+02 1.676541013883814912e+01 4.908481686679500716e-02
9.545484000000000151e+02 3.780676332367107761e+00 4.934521560054553474e-02
9.581118000000000166e+02 2.356355646704551532e+01 4.832767919138019480e-02
9.616731999999999516e+02 4.025553284773423002e+00 4.947697876060643679e-02
9.652324999999999591e+02 2.380866951699442779e+01 4.870183455071955270e-02
9.687897000000000389e+02 3.048490788457303324e+01 4.870183455071955270e-02
9.723449000000000524e+02 1.750077109111856544e+01 4.908481686679500716e-02
9.758979000000000497e+02 4.516761822862605413e+00 4.921449956800932890e-02
9.794489999999999554e+02 1.774688274853605208e+01 4.832767919138019480e-02
9.829978999999999587e+02 -1.790363480754194825e+00 4.947697876060643679e-02
9.865448000000000093e+02 -4.098797423164796783e+01 4.882849753329315812e-02
9.900896999999999935e+02 -1.543446888655182647e+00 4.934521560054553474e-02
9.936323999999999614e+02 1.824072114572055625e+01 4.882849753329315812e-02
9.971731999999999516e+02 1.836453245085860431e+01 4.921449956800932890e-02
1.000711800000000039e+03 3.159548958789770268e+01 4.870183455071955270e-02
1.004248399999999947e+03 1.861259509961203662e+01 4.895615395384239621e-02
1.007783000000000015e+03 1.218335151028736618e+01 4.857615218751694386e-02
1.011315500000000043e+03 1.886126133215060463e+01 4.895615395384239621e-02
1.014846000000000004e+03 1.898582707179858176e+01 4.857615218751694386e-02
1.018374400000000037e+03 3.221755123007417865e+01 4.882849753329315812e-02
1.021900800000000004e+03 -2.008556369805862118e+01 4.934521560054553474e-02
1.025425099999999929e+03 6.253485331763130262e+00 4.895615395384239621e-02
1.028947400000000016e+03 -6.728298211459048161e+00 4.921449956800932890e-02
1.032467599999999948e+03 6.504089135022866230e+00 4.882849753329315812e-02
1.035985799999999927e+03 -6.477349172421639878e+00 4.921449956800932890e-02
1.039501999999999953e+03 2.018903160728200419e-01 4.870183455071955270e-02
1.043016100000000051e+03 3.278110437419456957e-01 4.882849753329315812e-02
1.046528199999999970e+03 -6.099583546380415555e+00 4.908481686679500716e-02
1.050038199999999961e+03 5.802099884118376849e-01 4.908481686679500716e-02
1.053546199999999999e+03 7.066950903708857368e-01 4.870183455071955270e-02
1.057052200000000084e+03 -1.227362479883109359e+01 4.895615395384239621e-02
1.060556199999999990e+03 7.513753761771425843e+00 4.832767919138019480e-02
1.064058099999999968e+03 -5.466165787689277522e+00 4.442014614106422343e-02
1.067557999999999993e+03 2.087511999195876911e+01 4.845143785545469317e-02
1.071055900000000065e+03 2.755611453880013073e+01 4.882849753329315812e-02
1.074551799999999957e+03 -5.083678710295089331e+00 4.832767919138019480e-02
1.078045599999999922e+03 1.470474368020097700e+01 4.857615218751694386e-02
1.081537499999999909e+03 1.725885137793000013e+00 4.820486405207096564e-02
1.085027299999999968e+03 2.806824908183438083e+01 4.451618981241678430e-02
1.088515100000000075e+03 2.164333892339922727e+01 4.832767919138019480e-02
1.092000800000000027e+03 1.521865806515390318e+01 4.702608264353498602e-02
1.095484600000000000e+03 2.845470990122865373e+01 4.820486405207096564e-02
1.098966300000000047e+03 8.923497810534826158e+00 4.832767919138019480e-02
1.102446099999999888e+03 -4.053974843363675973e+00 4.808298050922980155e-02
1.105923800000000028e+03 9.182795287619995861e+00 4.832767919138019480e-02
1.109399499999999989e+03 3.552681153596623176e+01 4.760453099019565371e-02
1.112873199999999997e+03 1.599657721841904845e+01 4.784196154532611989e-02
1.116345000000000027e+03 1.612709563585625006e+01 4.796201684461862125e-02
1.119814699999999903e+03 -3.402629926840916141e+00 4.796201684461862125e-02
1.123282400000000052e+03 3.281903799081590023e+00 4.748713369436884102e-02
1.126748100000000022e+03 2.307370006611998292e+01 4.760453099019565371e-02
1.130211800000000039e+03 3.544762110381583398e+00 4.820486405207096564e-02
1.133673500000000104e+03 2.333709315145372898e+01 4.748713369436884102e-02
1.137133199999999988e+03 2.346919639227198218e+01 4.748713369436884102e-02
1.140590999999999894e+03 1.049457502554173516e+01 4.772280329916516600e-02
1.144046700000000101e+03 1.718073223360639190e+01 4.784196154532611989e-02
1.147500399999999900e+03 1.731367118831462903e+01 4.748713369436884102e-02
1.150952199999999948e+03 -1.532060494911209503e+01 4.832767919138019480e-02
1.154402000000000044e+03 -3.484759302821245797e+01 4.796201684461862125e-02
1.157849699999999984e+03 -2.160678990941835309e+01 4.760453099019565371e-02
1.161295499999999947e+03 1.784830753581127283e+01 4.737060067528919838e-02
1.164739399999999932e+03 1.798270242485693871e+01 4.702608264353498602e-02
1.168181199999999990e+03 5.010397863804371354e+00 4.725492138009014520e-02
1.171621000000000095e+03 -1.408103052689853030e+00 4.760453099019565371e-02
1.175058899999999994e+03 -1.272797241532998669e+00 4.657820498500434003e-02
1.178494799999999941e+03 5.416318368668726180e+00 4.748713369436884102e-02
1.181928699999999935e+03 1.865924683747485346e+01 4.784196154532611989e-02
1.185360699999999952e+03 3.845599121902878892e+01 4.668897376208468175e-02
1.188790700000000015e+03 2.548555456192153201e+01 4.748713369436884102e-02
1.192218699999999899e+03 -5.915600909443128330e-01 4.725492138009014520e-02
1.195644700000000057e+03 1.265265029095536420e+01 4.691290297849490254e-02
1.199068800000000010e+03 -3.963781127437087548e+01 4.772280329916516600e-02
1.202490900000000011e+03 -2.639294178156688986e+01 4.784196154532611989e-02
1.205911000000000058e+03 1.306626176193307742e+01 4.748713369436884102e-02
1.209329199999999901e+03 1.975830233576695605e+01 4.714008543542005936e-02
1.212745400000000018e+03 6.790182906506345262e+00 4.702608264353498602e-02
1.216159699999999930e+03 3.314340642751795940e+01 4.582428830465289787e-02
1.219571999999999889e+03 2.017597583882493950e+01 4.668897376208468175e-02
1.222982299999999896e+03 2.031589406041419466e+01 4.646822087641515331e-02
1.226390699999999924e+03 2.045616399865011203e+01 4.657820498500434003e-02
1.229797100000000000e+03 -5.617211453865309068e+00 4.714008543542005936e-02
1.233201600000000099e+03 2.073777058156707653e+01 4.680053658246008386e-02
1.236604100000000017e+03 -1.188838703694997889e+01 4.680053658246008386e-02
1.240004699999999957e+03 1.446731852794832207e+01 4.603594896125626224e-02
1.243403299999999945e+03 4.082339009274772934e+01 4.603594896125626224e-02
1.246799899999999980e+03 8.198330452913211275e+00 4.668897376208468175e-02
1.250194700000000012e+03 2.800164238274706463e+01 4.657820498500434003e-02
1.253587500000000091e+03 1.503782863524611457e+01 4.625056993338622774e-02
1.256978299999999990e+03 4.139539194195921823e+01 4.571954693728050301e-02
1.260367199999999912e+03 2.187883501284372301e+01 4.592975285912135469e-02
1.263754200000000083e+03 4.168366053612240307e+01 4.551220098463243380e-02
1.267139200000000073e+03 1.561437117813889586e+01 4.614288510757279943e-02
1.270522300000000087e+03 3.541996957666043500e+01 4.540958033322987225e-02
1.273903399999999920e+03 2.245845833417911308e+01 4.582428830465289787e-02
1.277282600000000002e+03 3.571134001776729860e+01 4.561552052959470804e-02
1.280659900000000107e+03 2.275061715893167502e+01 4.592975285912135469e-02
1.284035300000000007e+03 3.600429225346783824e+01 4.551220098463243380e-02
1.287408699999999953e+03 3.615136776131359397e+01 4.520640445801725471e-02
1.290780199999999923e+03 8.217334609984911253e+01 4.461285917666479861e-02
1.294149799999999914e+03 7.576772964374984554e+01 4.480810238158945691e-02
1.297517399999999952e+03 6.936252071173177569e+01 4.461285917666479861e-02
1.300883100000000013e+03 8.261822156640377557e+01 4.451618981241678430e-02
1.304246900000000096e+03 6.966033441411920535e+01 4.461285917666479861e-02
1.307608799999999974e+03 6.980986140482721680e+01 4.442014614106422343e-02
1.310968800000000101e+03 9.617380462537016683e+01 4.422990909498710627e-02
1.314326800000000048e+03 7.666366609933399445e+01 4.480810238158945691e-02
1.317682900000000018e+03 6.370744778034477918e+01 4.461285917666479861e-02
1.321037100000000009e+03 5.730515155191855570e+01 4.500593161009385640e-02
1.324389400000000023e+03 5.745677922731053400e+01 4.471016105708659760e-02
1.327739800000000059e+03 9.692983254936370940e+01 4.358283270558153955e-02
1.331088299999999890e+03 3.154731319035730053e+01 4.480810238158945691e-02
1.334434799999999996e+03 4.480722275185459580e+01 4.471016105708659760e-02
1.337779500000000098e+03 6.462106276455065768e+01 4.442014614106422343e-02
1.341122200000000021e+03 9.754233468811943908e+01 4.376480774634871479e-02
1.344463099999999940e+03 8.458953991761379143e+01 4.065220350069238126e-02
1.347801999999999907e+03 2.576267978331171093e+01 4.432472144193484731e-02
1.351139100000000099e+03 7.179225555056225971e+01 4.385665424348193092e-02
1.354474200000000110e+03 3.918026842618422734e+01 4.461285917666479861e-02
1.357807399999999916e+03 3.933621955831125661e+01 4.471016105708659760e-02
1.361138799999999947e+03 7.226011003623625584e+01 4.376480774634871479e-02
1.364468200000000024e+03 7.897044089025550306e+01 4.422990909498710627e-02
1.367795800000000099e+03 5.291371308495871517e+01 4.490669018478148783e-02
1.371121399999999994e+03 6.617842752562569331e+01 4.461285917666479861e-02
1.374445200000000114e+03 5.978308505151548502e+01 4.471016105708659760e-02
1.377767000000000053e+03 5.994168643570881727e+01 4.461285917666479861e-02
1.381086999999999989e+03 2.733323238494972429e+01 4.422990909498710627e-02
1.384405099999999948e+03 7.336722354604077623e+01 4.404209546909487738e-02
1.387721299999999928e+03 6.697366050568368223e+01 4.413570257888117104e-02
1.391035599999999931e+03 4.747354379031992266e+01 4.442014614106422343e-02
1.394348099999999931e+03 9.350887387252438998e+01 4.413570257888117104e-02
1.397658599999999979e+03 2.813515117084497774e+01 4.442014614106422343e-02
1.400967300000000023e+03 7.417137604964170805e+01 4.404209546909487738e-02
1.404274100000000089e+03 6.778004881892536559e+01 4.413570257888117104e-02
1.407578999999999951e+03 4.828216974074942414e+01 4.432472144193484731e-02
1.410882000000000062e+03 4.844523902904779789e+01 4.413570257888117104e-02
1.414183199999999943e+03 2.894825684947210220e+01 4.422990909498710627e-02
1.417482500000000073e+03 3.566572331922890271e+01 4.442014614106422343e-02
1.420779899999999998e+03 4.238363850691573020e+01 4.451618981241678430e-02
1.424075499999999920e+03 5.565550243235750827e+01 4.451618981241678430e-02
1.427369099999999889e+03 3.616031506644199567e+01 4.461285917666479861e-02
1.430660900000000083e+03 4.943307633095497522e+01 4.490669018478148783e-02
1.433950900000000047e+03 3.649228609841503612e+01 4.490669018478148783e-02
1.437239000000000033e+03 7.597994419190766280e+01 4.451618981241678430e-02
1.440525200000000041e+03 6.959355038491918322e+01 4.432472144193484731e-02
1.443809500000000071e+03 4.354710440116983250e+01 4.530765073144059352e-02
1.447092000000000098e+03 3.060810591444692363e+01 4.530765073144059352e-02
1.450372599999999920e+03 1.766955454843733264e+01 4.451618981241678430e-02
1.453651399999999967e+03 2.439194987655912428e+01 4.530765073144059352e-02
1.456928300000000036e+03 5.732879142179351106e+01 4.432472144193484731e-02
1.460203400000000101e+03 5.749857865651566158e+01 4.451618981241678430e-02
1.463476599999999962e+03 7.077581100232541189e+01 4.471016105708659760e-02
1.466747900000000072e+03 5.783948782987749837e+01 4.461285917666479861e-02
1.470017399999999952e+03 5.801060845871143101e+01 4.442014614106422343e-02
1.473285000000000082e+03 5.162867215708084245e+01 4.490669018478148783e-02
1.476550799999999981e+03 3.869367814178229992e+01 4.187971541019194777e-02
1.479814800000000105e+03 5.197312557798386479e+01 4.461285917666479861e-02
1.483076900000000023e+03 3.248551357905287773e+01 4.520640445801725471e-02
1.486337099999999964e+03 3.921234120638376908e+01 4.500593161009385640e-02
1.489595499999999902e+03 8.526060746922479439e+01 4.442014614106422343e-02
1.492852100000000064e+03 4.611381132450509313e+01 4.376480774634871479e-02
1.496106800000000021e+03 6.594895167666066982e+01 4.451618981241678430e-02
1.499359699999999975e+03 5.301702737746032312e+01 4.461285917666479861e-02
1.502610799999999927e+03 5.319253722583084709e+01 4.480810238158945691e-02
1.505859999999999900e+03 4.026147996768202120e+01 4.461285917666479861e-02
1.509107400000000098e+03 7.975885429573125407e+01 4.451618981241678430e-02
1.512352900000000091e+03 6.027515884932751078e+01 4.471016105708659760e-02
1.515596600000000080e+03 3.423839221427482471e+01 4.422990909498710627e-02
1.518838500000000067e+03 9.995105292265580488e+01 4.376480774634871479e-02
1.522078600000000051e+03 4.770113945265401867e+01 4.461285917666479861e-02
1.525316800000000057e+03 6.098665022837661809e+01 4.404209546909487738e-02
1.528553200000000061e+03 4.150508361967604287e+01 4.432472144193484731e-02
1.531787700000000086e+03 5.479143794197156581e+01 4.461285917666479861e-02
1.535020500000000084e+03 5.497121145607056292e+01 4.422990909498710627e-02
1.538251400000000103e+03 6.170490236798886485e+01 4.394908143608346890e-02
1.541480499999999893e+03 5.533200882877127924e+01 4.432472144193484731e-02
1.544707799999999907e+03 5.551302893431110874e+01 4.413570257888117104e-02
1.547933199999999943e+03 6.880146071861616974e+01 4.404209546909487738e-02
1.551156899999999951e+03 5.587630216018129659e+01 4.394908143608346890e-02
1.554378699999999981e+03 6.261205118180683371e+01 4.358283270558153955e-02
1.557598700000000008e+03 3.658070565041697364e+01 4.404209546909487738e-02
1.560816900000000032e+03 3.021026337687740693e+01 4.432472144193484731e-02
1.564033300000000054e+03 7.626822210925908507e+01 4.385665424348193092e-02
1.567247800000000097e+03 6.334507953265523383e+01 4.404209546909487738e-02
1.570460600000000113e+03 9.629683326899782969e+01 4.331407680643583474e-02
1.573671599999999899e+03 7.682098087687390375e+01 4.376480774634871479e-02
1.576880699999999933e+03 5.079201984478763165e+01 4.394908143608346890e-02
1.580087999999999965e+03 8.374494759097581209e+01 4.287699118520275215e-02
1.583293599999999969e+03 5.771676146322275258e+01 4.376480774634871479e-02
1.586497299999999996e+03 7.100995873212124820e+01 4.331407680643583474e-02
1.589699200000000019e+03 1.039640365908869342e+02 4.322559034669127415e-02
1.592899400000000014e+03 9.104399215517190669e+01 4.305023225923948482e-02
1.596097700000000032e+03 7.157082246287822613e+01 4.305023225923948482e-02
1.599294200000000046e+03 1.110795244739709915e+02 4.220436922541948715e-02
1.602488900000000058e+03 8.505359507029100996e+01 4.331407680643583474e-02
1.605681900000000041e+03 9.834903106192052746e+01 4.262100686043435865e-02
1.608873000000000047e+03 7.887732918699526863e+01 4.287699118520275215e-02
1.612062400000000025e+03 1.183874861115158410e+02 4.296334976450823934e-02
1.615249900000000025e+03 7.270249842915902150e+01 4.367353588944971471e-02
1.618435699999999997e+03 5.978536266108875452e+01 4.394908143608346890e-02
1.621619699999999966e+03 4.031507525576631679e+01 4.394908143608346890e-02
1.624801899999999932e+03 7.327313258876077384e+01 4.385665424348193092e-02
1.627982299999999896e+03 4.069653097566558131e+01 4.404209546909487738e-02
1.631160900000000083e+03 4.744126668501530730e+01 4.358283270558153955e-02
1.634337700000000041e+03 4.107933593809428885e+01 4.442014614106422343e-02
1.637512799999999970e+03 1.505723491529928992e+01 4.480810238158945691e-02
1.640686099999999897e+03 4.801695975594748234e+01 4.404209546909487738e-02
1.643857600000000048e+03 1.544200655808489842e+01 4.490669018478148783e-02
1.647027299999999968e+03 3.529537137829419180e+01 4.471016105708659760e-02
1.650195200000000114e+03 2.238155023805552446e+01 4.480810238158945691e-02
1.653361400000000003e+03 2.912853912355362240e+01 4.500593161009385640e-02
1.656525799999999890e+03 2.932233399203826707e+01 4.451618981241678430e-02
1.659688400000000001e+03 -9.804569228369388156e+00 4.530765073144059352e-02
1.662849200000000110e+03 4.281782536112959292e+01 4.442014614106422343e-02
1.666008299999999963e+03 3.691513629817706033e+00 4.179971588077281003e-02
1.669165600000000040e+03 -2.667008582733330968e+00 4.480810238158945691e-02
1.672321200000000090e+03 2.374225453969617661e+01 4.461285917666479861e-02
1.675474899999999934e+03 3.704479878977906537e+01 4.451618981241678430e-02
1.678626899999999978e+03 3.068711993644583913e+01 4.148424181754185175e-02
1.681777199999999993e+03 1.777621372468914274e+01 4.500593161009385640e-02
1.684925600000000031e+03 -1.687924124631905443e+00 4.490669018478148783e-02
1.688072400000000016e+03 3.782970208501200204e+01 4.480810238158945691e-02
1.691217300000000023e+03 3.147308802562429264e+01 4.490669018478148783e-02
1.694360500000000002e+03 1.856322935103906957e+01 4.442014614106422343e-02
1.697501999999999953e+03 -8.998783032755000022e-01 4.551220098463243380e-02
1.700641599999999926e+03 1.895826067303204354e+01 4.520640445801725471e-02
1.703779600000000073e+03 1.915614187155259174e+01 4.520640445801725471e-02
1.706915700000000015e+03 2.590776086491882779e+01 4.442014614106422343e-02
1.710050199999999904e+03 5.232011320660743081e+01 4.196017603270679047e-02
1.713182800000000043e+03 1.319769443074068249e+01 4.551220098463243380e-02
1.716313699999999926e+03 5.271750005188846444e+01 4.490669018478148783e-02
1.719442900000000009e+03 2.014902556486941876e+01 4.490669018478148783e-02
1.722570300000000088e+03 4.656226644455227870e+01 4.510583391195485681e-02
1.725695999999999913e+03 5.331521814565692807e+01 4.471016105708659760e-02
1.728819899999999961e+03 7.640376102554796489e+00 4.520640445801725471e-02
1.731942099999999982e+03 7.840235729069831905e+00 4.471016105708659760e-02
1.735062599999999975e+03 2.114729242483207372e+01 4.500593161009385640e-02
1.738181299999999965e+03 1.687041568524421109e+00 4.551220098463243380e-02
1.741298199999999952e+03 1.887478517682296797e+00 4.520640445801725471e-02
1.744413500000000113e+03 2.174859860849372239e+01 4.500593161009385640e-02
1.747526900000000069e+03 -3.047860283784778801e+01 4.500593161009385640e-02
1.750638699999999972e+03 1.559686948465625278e+01 4.500593161009385640e-02
1.753748700000000099e+03 2.691010866608422702e+00 4.490669018478148783e-02
1.756856999999999971e+03 9.445816583014277512e+00 4.480810238158945691e-02
1.759963500000000067e+03 1.620078189308159722e+01 4.510583391195485681e-02
1.763068400000000111e+03 2.950940204001892653e+01 4.471016105708659760e-02
1.766171499999999924e+03 2.315767225738753154e+01 4.500593161009385640e-02
1.769272799999999961e+03 2.335958776889972910e+01 4.520640445801725471e-02
1.772372399999999971e+03 -2.652356211782858963e+00 4.471016105708659760e-02
1.775470299999999952e+03 -9.003664474697700371e+00 4.551220098463243380e-02
1.778566499999999905e+03 2.396615817966306849e+01 4.461285917666479861e-02
1.781661000000000058e+03 5.038260694015048102e+01 4.451618981241678430e-02
1.784753699999999981e+03 -1.494982301524346724e+01 4.540958033322987225e-02
1.787844700000000103e+03 2.457386348041154633e+01 4.432472144193484731e-02
1.790933999999999969e+03 5.116161582781728612e+00 4.500593161009385640e-02
1.794021600000000035e+03 5.319066436066407277e+00 4.471016105708659760e-02
1.797107500000000073e+03 -7.584926833758231624e+00 4.480810238158945691e-02
1.800191600000000108e+03 -8.283231125885208712e-01 4.480810238158945691e-02
1.803273999999999887e+03 1.903537270160356343e+01 4.432472144193484731e-02
1.806354700000000093e+03 1.268515569856728575e+01 4.376480774634871479e-02
1.809433700000000044e+03 5.220952095557001371e+01 4.331407680643583474e-02
1.812510999999999967e+03 6.538463537194161290e+00 4.442014614106422343e-02
1.815586600000000089e+03 1.329547849513343749e+01 4.432472144193484731e-02
1.818660499999999956e+03 2.660606087454331714e+01 4.461285917666479861e-02
1.821732600000000048e+03 2.680970571383733159e+01 4.422990909498710627e-02
1.824803100000000086e+03 7.352908044483569938e+00 4.471016105708659760e-02
1.827871799999999894e+03 -1.865733710919917598e+01 4.480810238158945691e-02
1.830938900000000103e+03 1.431396526975504457e+01 4.422990909498710627e-02
1.834004200000000083e+03 2.107131018420190571e+01 4.480810238158945691e-02
1.837067900000000009e+03 1.614692622683293166e+00 4.204110219474057469e-02
1.840129799999999932e+03 1.818607559223295311e+00 4.461285917666479861e-02
1.843190100000000029e+03 -1.108445004687574453e+01 4.480810238158945691e-02
1.846248599999999897e+03 8.780014755316500441e+00 4.471016105708659760e-02
1.849305399999999963e+03 6.796549690815422196e+01 4.349269231393283752e-02
1.852360599999999977e+03 2.634491345211728230e+00 4.432472144193484731e-02
1.855414099999999962e+03 2.249899299107929096e+01 4.432472144193484731e-02
1.858465799999999945e+03 3.580999676115922625e+01 4.442014614106422343e-02
1.861515900000000101e+03 3.601399756146193454e+01 4.413570257888117104e-02
1.864564300000000003e+03 3.450490294955244508e+00 4.432472144193484731e-02
1.867611000000000104e+03 -2.255953013863945955e+01 4.451618981241678430e-02
1.870655999999999949e+03 -2.695068843051330987e+00 4.451618981241678430e-02
1.873699299999999994e+03 5.649036907433605847e+01 4.422990909498710627e-02
1.876740900000000011e+03 -3.505472149771915724e+01 4.461285917666479861e-02
1.879780899999999974e+03 4.470154325478574719e+00 4.442014614106422343e-02
1.882819099999999935e+03 3.088799142435880185e+01 4.413570257888117104e-02
1.885855700000000070e+03 3.764528467488068486e+01 4.422990909498710627e-02
1.888890599999999949e+03 -1.457897105167046448e+01 4.490669018478148783e-02
1.891923800000000028e+03 -1.268280888887090896e+00 4.349269231393283752e-02
1.894955400000000054e+03 -1.064648499862528297e+00 4.451618981241678430e-02
1.897985200000000077e+03 -1.396807628067750784e+01 4.471016105708659760e-02
1.901013400000000047e+03 1.310699999999999932e+02 4.451618981241678430e-02
1.904039999999999964e+03 1.245164999999999935e+02 4.490669018478148783e-02
1.907064800000000105e+03 1.310699999999999932e+02 4.432472144193484731e-02
1.910087999999999965e+03 1.703909999999999911e+02 4.413570257888117104e-02
1.913109500000000025e+03 1.376234999999999786e+02 4.480810238158945691e-02
1.916129300000000057e+03 1.376234999999999786e+02 4.471016105708659760e-02
1.919147400000000061e+03 1.245164999999999935e+02 4.451618981241678430e-02
1.922163900000000012e+03 1.114094999999999942e+02 4.461285917666479861e-02
1.925178799999999910e+03 1.572839999999999918e+02 4.442014614106422343e-02
1.928191900000000032e+03 1.179629999999999939e+02 4.432472144193484731e-02
1.931203400000000101e+03 1.441770000000000209e+02 4.432472144193484731e-02
1.934213199999999915e+03 1.048560000000000088e+02 4.422990909498710627e-02
1.937221399999999903e+03 1.507305000000000064e+02 4.422990909498710627e-02
1.940227900000000091e+03 1.179629999999999939e+02 4.432472144193484731e-02
1.943232799999999997e+03 1.245164999999999935e+02 4.451618981241678430e-02
1.946236000000000104e+03 1.310699999999999932e+02 4.385665424348193092e-02
1.949237499999999955e+03 1.245164999999999935e+02 4.385665424348193092e-02
1.952237399999999980e+03 1.572839999999999918e+02 4.367353588944971471e-02
1.955235599999999977e+03 1.703909999999999911e+02 4.313764398834754599e-02
1.958232199999999921e+03 1.572839999999999918e+02 4.313764398834754599e-02
1.961227100000000064e+03 1.703909999999999911e+02 4.376480774634871479e-02
1.964220299999999952e+03 1.245164999999999935e+02 4.422990909498710627e-02
1.967211999999999989e+03 1.572839999999999918e+02 4.385665424348193092e-02
1.970201900000000023e+03 1.114094999999999942e+02 4.480810238158945691e-02
1.973190200000000004e+03 1.441770000000000209e+02 4.404209546909487738e-02
1.976176899999999932e+03 1.310699999999999932e+02 4.442014614106422343e-02
1.979161900000000060e+03 1.441770000000000209e+02 4.413570257888117104e-02
1.982145299999999907e+03 1.245164999999999935e+02 4.422990909498710627e-02
1.985127099999999928e+03 1.507305000000000064e+02 4.376480774634871479e-02
1.988107199999999921e+03 1.245164999999999935e+02 4.422990909498710627e-02
1.991085600000000113e+03 9.830250000000000909e+01 4.432472144193484731e-02
1.994062400000000025e+03 1.376234999999999786e+02 4.385665424348193092e-02
1.997037600000000111e+03 1.572839999999999918e+02 4.367353588944971471e-02
2.000011199999999917e+03 1.310699999999999932e+02 4.358283270558153955e-02
2.002983099999999922e+03 1.310699999999999932e+02 4.404209546909487738e-02
2.005953299999999899e+03 1.245164999999999935e+02 4.385665424348193092e-02
2.008922000000000025e+03 1.245164999999999935e+02 4.376480774634871479e-02
2.011888999999999896e+03 9.830250000000000909e+01 4.358283270558153955e-02
2.014854299999999967e+03 1.310699999999999932e+02 4.367353588944971471e-02
2.017818099999999959e+03 1.441770000000000209e+02 4.296334976450823934e-02
2.020780199999999923e+03 1.441770000000000209e+02 4.305023225923948482e-02
2.023740700000000061e+03 1.245164999999999935e+02 4.376480774634871479e-02
2.026699499999999944e+03 1.310699999999999932e+02 4.385665424348193092e-02
2.029656799999999976e+03 1.376234999999999786e+02 4.376480774634871479e-02
2.032612399999999980e+03 1.310699999999999932e+02 4.413570257888117104e-02
2.035566399999999931e+03 1.048560000000000088e+02 4.413570257888117104e-02
2.038518700000000081e+03 1.572839999999999918e+02 4.349269231393283752e-02
2.041469499999999925e+03 1.376234999999999786e+02 4.404209546909487738e-02
2.044418599999999969e+03 1.114094999999999942e+02 4.413570257888117104e-02
2.047366099999999960e+03 1.441770000000000209e+02 4.413570257888117104e-02
2.050311999999999898e+03 1.048560000000000088e+02 4.422990909498710627e-02
2.053256199999999808e+03 1.572839999999999918e+02 4.358283270558153955e-02
2.056198899999999867e+03 1.703909999999999911e+02 4.322559034669127415e-02
2.059139900000000125e+03 1.179629999999999939e+02 4.394908143608346890e-02
2.062079299999999876e+03 1.245164999999999935e+02 4.394908143608346890e-02
2.065017199999999775e+03 9.174899999999999523e+01 4.432472144193484731e-02
2.067953399999999874e+03 1.376234999999999786e+02 4.367353588944971471e-02
2.070887999999999920e+03 1.638375000000000057e+02 4.358283270558153955e-02
2.073820900000000165e+03 9.174899999999999523e+01 4.394908143608346890e-02
2.076752300000000105e+03 1.507305000000000064e+02 4.358283270558153955e-02
2.079682099999999991e+03 1.179629999999999939e+02 4.394908143608346890e-02
2.082610200000000077e+03 9.174899999999999523e+01 4.413570257888117104e-02
2.085536799999999857e+03 1.048560000000000088e+02 4.404209546909487738e-02
2.088461800000000039e+03 9.830250000000000909e+01 4.422990909498710627e-02
2.091385099999999966e+03 1.048560000000000088e+02 4.404209546909487738e-02
2.094306900000000041e+03 9.174899999999999523e+01 4.413570257888117104e-02
2.097226999999999862e+03 1.441770000000000209e+02 4.367353588944971471e-02
2.100145599999999831e+03 1.114094999999999942e+02 4.376480774634871479e-02
2.103062500000000000e+03 1.179629999999999939e+02 4.385665424348193092e-02
2.105977899999999863e+03 1.114094999999999942e+02 4.385665424348193092e-02
2.108891700000000128e+03 1.179629999999999939e+02 4.404209546909487738e-02
2.111803800000000138e+03 1.245164999999999935e+02 4.385665424348193092e-02
2.114714399999999841e+03 1.179629999999999939e+02 4.385665424348193092e-02
2.117623399999999947e+03 1.245164999999999935e+02 4.385665424348193092e-02
2.120530799999999999e+03 1.507305000000000064e+02 4.322559034669127415e-02
2.123436599999999999e+03 1.441770000000000209e+02 4.340310891848280644e-02
2.126340799999999945e+03 1.245164999999999935e+02 4.376480774634871479e-02
2.129243500000000040e+03 9.830250000000000909e+01 4.413570257888117104e-02
2.132144499999999880e+03 1.245164999999999935e+02 4.385665424348193092e-02
2.135043999999999869e+03 1.572839999999999918e+02 4.287699118520275215e-02
2.137941899999999805e+03 1.048560000000000088e+02 4.385665424348193092e-02
2.140838099999999940e+03 1.441770000000000209e+02 4.340310891848280644e-02
2.143732899999999972e+03 1.048560000000000088e+02 4.376480774634871479e-02
2.146626000000000204e+03 1.310699999999999932e+02 4.296334976450823934e-02
2.149517499999999927e+03 1.310699999999999932e+02 4.340310891848280644e-02
2.152407499999999800e+03 1.179629999999999939e+02 4.287699118520275215e-02
2.155295900000000074e+03 1.114094999999999942e+02 4.340310891848280644e-02
2.158182699999999841e+03 1.310699999999999932e+02 4.313764398834754599e-02
2.161068000000000211e+03 1.441770000000000209e+02 4.212249840297802722e-02
2.163951599999999871e+03 1.114094999999999942e+02 4.313764398834754599e-02
2.166833700000000135e+03 1.179629999999999939e+02 4.358283270558153955e-02
2.169714300000000094e+03 1.441770000000000209e+02 4.322559034669127415e-02
2.172593199999999797e+03 1.114094999999999942e+02 4.313764398834754599e-02
2.175470600000000104e+03 1.179629999999999939e+02 4.322559034669127415e-02
2.178346399999999903e+03 9.174899999999999523e+01 4.367353588944971471e-02
2.181220699999999852e+03 1.310699999999999932e+02 4.313764398834754599e-02
2.184093299999999999e+03 1.179629999999999939e+02 4.305023225923948482e-02
2.186964500000000044e+03 1.507305000000000064e+02 4.340310891848280644e-02
2.189833999999999833e+03 1.114094999999999942e+02 4.367353588944971471e-02
2.192702000000000226e+03 1.245164999999999935e+02 4.305023225923948482e-02
2.195568400000000111e+03 9.830250000000000909e+01 4.367353588944971471e-02
2.198433300000000145e+03 1.179629999999999939e+02 4.385665424348193092e-02
2.201296600000000126e+03 9.830250000000000909e+01 4.385665424348193092e-02
2.204158300000000054e+03 1.310699999999999932e+02 4.331407680643583474e-02
2.207018500000000131e+03 1.048560000000000088e+02 4.394908143608346890e-02
2.209877199999999903e+03 1.179629999999999939e+02 4.376480774634871479e-02
2.212734199999999873e+03 9.830250000000000909e+01 4.322559034669127415e-02
2.215589800000000196e+03 1.245164999999999935e+02 4.349269231393283752e-02
2.218443699999999808e+03 1.114094999999999942e+02 4.305023225923948482e-02
2.221296200000000226e+03 1.114094999999999942e+02 4.322559034669127415e-02
2.224146999999999935e+03 1.114094999999999942e+02 4.340310891848280644e-02
2.226996299999999792e+03 1.245164999999999935e+02 4.340310891848280644e-02
2.229844099999999798e+03 1.376234999999999786e+02 4.305023225923948482e-02
2.232690300000000207e+03 1.441770000000000209e+02 4.287699118520275215e-02
2.235534999999999854e+03 1.179629999999999939e+02 4.340310891848280644e-02
2.238378099999999904e+03 1.572839999999999918e+02 4.279115127691203446e-02
2.241219700000000103e+03 1.048560000000000088e+02 4.287699118520275215e-02
2.244059699999999793e+03 1.245164999999999935e+02 4.331407680643583474e-02
2.246898200000000088e+03 1.441770000000000209e+02 4.331407680643583474e-02
2.249735200000000077e+03 1.310699999999999932e+02 4.349269231393283752e-02
2.252570600000000013e+03 1.310699999999999932e+02 4.313764398834754599e-02
2.255404500000000098e+03 1.179629999999999939e+02 4.313764398834754599e-02
2.258236800000000130e+03 1.048560000000000088e+02 4.376480774634871479e-02
2.261067599999999857e+03 1.114094999999999942e+02 4.322559034669127415e-02
2.263896799999999985e+03 1.048560000000000088e+02 4.367353588944971471e-02
2.266724600000000009e+03 1.114094999999999942e+02 4.279115127691203446e-02
2.269550799999999981e+03 1.179629999999999939e+02 4.340310891848280644e-02
2.272375399999999900e+03 1.245164999999999935e+02 4.340310891848280644e-02
2.275198499999999967e+03 1.245164999999999935e+02 4.313764398834754599e-02
2.278020100000000184e+03 1.114094999999999942e+02 4.349269231393283752e-02
2.280840200000000095e+03 1.179629999999999939e+02 4.322559034669127415e-02
2.283658699999999953e+03 1.310699999999999932e+02 4.322559034669127415e-02
2.286475699999999961e+03 1.179629999999999939e+02 4.287699118520275215e-02
2.289291200000000117e+03 1.310699999999999932e+02 4.287699118520275215e-02
2.292105199999999968e+03 1.048560000000000088e+02 4.322559034669127415e-02
2.294917600000000220e+03 9.174899999999999523e+01 4.279115127691203446e-02
2.297728500000000167e+03 1.114094999999999942e+02 4.322559034669127415e-02
2.300537899999999809e+03 1.114094999999999942e+02 4.313764398834754599e-02
2.303345699999999852e+03 1.179629999999999939e+02 4.270582486842748604e-02
2.306152099999999791e+03 8.519549999999999557e+01 4.313764398834754599e-02
2.308956900000000132e+03 1.441770000000000209e+02 4.279115127691203446e-02
2.311760200000000168e+03 1.179629999999999939e+02 4.305023225923948482e-02
2.314561999999999898e+03 1.179629999999999939e+02 4.313764398834754599e-02
2.317362200000000030e+03 9.830250000000000909e+01 4.313764398834754599e-02
2.320161000000000058e+03 7.864199999999999591e+01 4.322559034669127415e-02
2.322958200000000033e+03 1.114094999999999942e+02 4.340310891848280644e-02
2.325753999999999905e+03 1.376234999999999786e+02 4.305023225923948482e-02
2.328548200000000179e+03 1.245164999999999935e+02 4.313764398834754599e-02
2.331340900000000147e+03 9.174899999999999523e+01 4.305023225923948482e-02
2.334132099999999809e+03 9.830250000000000909e+01 4.349269231393283752e-02
2.336921800000000076e+03 1.310699999999999932e+02 4.322559034669127415e-02
2.339709899999999834e+03 1.114094999999999942e+02 4.358283270558153955e-02
2.342496599999999944e+03 1.048560000000000088e+02 4.349269231393283752e-02
2.345281800000000203e+03 9.830250000000000909e+01 4.358283270558153955e-02
2.348065399999999954e+03 1.310699999999999932e+02 4.305023225923948482e-02
2.350847600000000057e+03 1.507305000000000064e+02 4.262100686043435865e-02
2.353628200000000106e+03 8.519549999999999557e+01 4.394908143608346890e-02
2.356407400000000052e+03 1.048560000000000088e+02 4.262100686043435865e-02
2.359184999999999945e+03 1.310699999999999932e+02 4.331407680643583474e-02
2.361961099999999988e+03 1.376234999999999786e+02 4.236955329797763292e-02
2.364735799999999927e+03 1.376234999999999786e+02 4.262100686043435865e-02
2.367508899999999812e+03 1.441770000000000209e+02 4.296334976450823934e-02
2.370280600000000049e+03 1.310699999999999932e+02 4.296334976450823934e-02
2.373050799999999981e+03 1.114094999999999942e+02 4.331407680643583474e-02
2.375819399999999860e+03 1.114094999999999942e+02 4.279115127691203446e-02
2.378586600000000089e+03 9.174899999999999523e+01 4.331407680643583474e-02
2.381352300000000014e+03 1.572839999999999918e+02 4.279115127691203446e-02
2.384116399999999885e+03 1.048560000000000088e+02 4.322559034669127415e-02
2.386879100000000108e+03 1.114094999999999942e+02 4.296334976450823934e-02
2.389640300000000025e+03 1.179629999999999939e+02 4.102414357732872552e-02
2.392400099999999838e+03 1.245164999999999935e+02 4.305023225923948482e-02
2.395158300000000054e+03 1.048560000000000088e+02 4.287699118520275215e-02
2.397914999999999964e+03 9.174899999999999523e+01 4.358283270558153955e-02
2.400670300000000225e+03 1.114094999999999942e+02 4.340310891848280644e-02
2.403424100000000180e+03 9.174899999999999523e+01 4.349269231393283752e-02
2.406176300000000083e+03 1.179629999999999939e+02 4.322559034669127415e-02
2.408927099999999882e+03 1.179629999999999939e+02 4.313764398834754599e-02
2.411676500000000033e+03 1.310699999999999932e+02 4.322559034669127415e-02
2.414424300000000130e+03 1.245164999999999935e+02 4.245287600048053278e-02
2.417170700000000124e+03 1.310699999999999932e+02 4.313764398834754599e-02
2.419915599999999813e+03 1.310699999999999932e+02 4.296334976450823934e-02
2.422659000000000106e+03 1.310699999999999932e+02 4.296334976450823934e-02
2.425400900000000092e+03 1.310699999999999932e+02 4.305023225923948482e-02
2.428141399999999976e+03 1.310699999999999932e+02 4.305023225923948482e-02
2.430880299999999806e+03 1.572839999999999918e+02 4.270582486842748604e-02
2.433617799999999988e+03 1.048560000000000088e+02 4.331407680643583474e-02
2.436353900000000067e+03 1.310699999999999932e+02 4.279115127691203446e-02
2.439088400000000092e+03 9.174899999999999523e+01 4.305023225923948482e-02
2.441821500000000015e+03 1.179629999999999939e+02 4.313764398834754599e-02
2.444553199999999833e+03 1.114094999999999942e+02 4.305023225923948482e-02
2.447283300000000054e+03 1.179629999999999939e+02 4.287699118520275215e-02
2.450012000000000171e+03 9.174899999999999523e+01 4.296334976450823934e-02
2.452739199999999983e+03 1.441770000000000209e+02 4.245287600048053278e-02
2.455465000000000146e+03 1.179629999999999939e+02 4.305023225923948482e-02
2.458189300000000003e+03 1.179629999999999939e+02 4.279115127691203446e-02
2.460912100000000009e+03 1.507305000000000064e+02 4.279115127691203446e-02
2.463633499999999913e+03 1.179629999999999939e+02 4.262100686043435865e-02
2.466353399999999965e+03 9.174899999999999523e+01 4.331407680643583474e-02
2.469071800000000167e+03 1.310699999999999932e+02 4.253669222423180074e-02
2.471788799999999810e+03 1.376234999999999786e+02 4.287699118520275215e-02
2.474504300000000057e+03 9.830250000000000909e+01 4.253669222423180074e-02
2.477218400000000202e+03 1.376234999999999786e+02 4.313764398834754599e-02
2.479931000000000040e+03 1.245164999999999935e+02 4.305023225923948482e-02
2.482642100000000028e+03 1.245164999999999935e+02 4.287699118520275215e-02
2.485351799999999912e+03 9.830250000000000909e+01 4.331407680643583474e-02
2.488060100000000148e+03 1.179629999999999939e+02 4.305023225923948482e-02
2.490766900000000078e+03 9.830250000000000909e+01 4.358283270558153955e-02
2.493472200000000157e+03 1.048560000000000088e+02 4.358283270558153955e-02
2.496176100000000133e+03 9.830250000000000909e+01 4.322559034669127415e-02
2.498878499999999804e+03 7.864199999999999591e+01 4.367353588944971471e-02
2.501579499999999825e+03 1.179629999999999939e+02 4.296334976450823934e-02
2.504279100000000199e+03 1.507305000000000064e+02 4.270582486842748604e-02
2.506977199999999812e+03 1.114094999999999942e+02 4.313764398834754599e-02
2.509673800000000028e+03 6.553499999999999659e+01 4.358283270558153955e-02
2.512369000000000142e+03 1.310699999999999932e+02 4.262100686043435865e-02
2.515062800000000152e+03 1.441770000000000209e+02 4.287699118520275215e-02
2.517755099999999857e+03 9.174899999999999523e+01 4.287699118520275215e-02
2.520445999999999913e+03 1.114094999999999942e+02 4.270582486842748604e-02
2.523135400000000118e+03 1.114094999999999942e+02 4.331407680643583474e-02
2.525823400000000220e+03 8.519549999999999557e+01 4.331407680643583474e-02
2.528510000000000218e+03 1.179629999999999939e+02 4.287699118520275215e-02
2.531195099999999911e+03 8.519549999999999557e+01 4.367353588944971471e-02
2.533878799999999956e+03 8.519549999999999557e+01 4.322559034669127415e-02
2.536561000000000149e+03 1.245164999999999935e+02 4.245287600048053278e-02
2.539241799999999785e+03 1.376234999999999786e+02 4.313764398834754599e-02
2.541921200000000226e+03 9.830250000000000909e+01 4.087414620644017060e-02
2.544599099999999908e+03 1.179629999999999939e+02 4.296334976450823934e-02
2.547275700000000143e+03 1.114094999999999942e+02 4.358283270558153955e-02
2.549950699999999870e+03 8.519549999999999557e+01 4.385665424348193092e-02
2.552624400000000151e+03 1.310699999999999932e+02 4.349269231393283752e-02
2.555296600000000126e+03 1.441770000000000209e+02 4.331407680643583474e-02
2.557967399999999998e+03 8.519549999999999557e+01 4.376480774634871479e-02
2.560636800000000221e+03 1.310699999999999932e+02 4.279115127691203446e-02
2.563304700000000139e+03 1.507305000000000064e+02 4.313764398834754599e-02
2.565971199999999953e+03 1.048560000000000088e+02 4.358283270558153955e-02
2.568636300000000119e+03 1.048560000000000088e+02 4.367353588944971471e-02
2.571300000000000182e+03 1.376234999999999786e+02 4.313764398834754599e-02
2.573962199999999939e+03 1.179629999999999939e+02 4.340310891848280644e-02
2.576623000000000047e+03 1.245164999999999935e+02 4.358283270558153955e-02
2.579282400000000052e+03 9.830250000000000909e+01 4.331407680643583474e-02
2.581940399999999954e+03 1.114094999999999942e+02 4.331407680643583474e-02
2.584596900000000005e+03 1.245164999999999935e+02 4.287699118520275215e-02
2.587252100000000155e+03 1.376234999999999786e+02 4.296334976450823934e-02
2.589905799999999999e+03 1.114094999999999942e+02 4.340310891848280644e-02
2.592558100000000195e+03 1.245164999999999935e+02 4.322559034669127415e-02
2.595208999999999833e+03 1.441770000000000209e+02 4.270582486842748604e-02
2.597858499999999822e+03 1.048560000000000088e+02 4.331407680643583474e-02
2.600506499999999960e+03 9.174899999999999523e+01 4.340310891848280644e-02
2.603153200000000197e+03 9.174899999999999523e+01 4.313764398834754599e-02
2.605798400000000129e+03 1.114094999999999942e+02 4.349269231393283752e-02
2.608442300000000159e+03 9.830250000000000909e+01 4.313764398834754599e-02
2.611084699999999884e+03 1.310699999999999932e+02 4.305023225923948482e-02
2.613725699999999961e+03 1.048560000000000088e+02 4.340310891848280644e-02
2.616365299999999934e+03 1.179629999999999939e+02 4.349269231393283752e-02
2.619003499999999804e+03 1.114094999999999942e+02 4.340310891848280644e-02
2.621640300000000025e+03 1.179629999999999939e+02 4.331407680643583474e-02
2.624275700000000143e+03 9.830250000000000909e+01 4.340310891848280644e-02
2.626909700000000157e+03 7.864199999999999591e+01 4.413570257888117104e-02
2.629542199999999866e+03 1.048560000000000088e+02 4.358283270558153955e-02
2.632173400000000129e+03 1.114094999999999942e+02 4.394908143608346890e-02
2.634803199999999833e+03 9.830250000000000909e+01 4.404209546909487738e-02
2.637431599999999889e+03 1.114094999999999942e+02 4.385665424348193092e-02
2.640058599999999842e+03 7.864199999999999591e+01 4.461285917666479861e-02
2.642684099999999944e+03 9.174899999999999523e+01 4.394908143608346890e-02
2.645308300000000145e+03 1.048560000000000088e+02 4.394908143608346890e-02
2.647931099999999788e+03 1.245164999999999935e+02 4.413570257888117104e-02
2.650552499999999782e+03 5.898149999999999693e+01 4.413570257888117104e-02
2.653172500000000127e+03 1.048560000000000088e+02 4.404209546909487738e-02
2.655791099999999915e+03 1.114094999999999942e+02 4.404209546909487738e-02
2.658408300000000054e+03 9.830250000000000909e+01 4.442014614106422343e-02
2.661024100000000089e+03 9.830250000000000909e+01 4.432472144193484731e-02
2.663638500000000022e+03 1.245164999999999935e+02 4.404209546909487738e-02
2.666251600000000053e+03 1.376234999999999786e+02 4.102414357732872552e-02
2.668863199999999779e+03 8.519549999999999557e+01 3.912806590510905375e-02
2.671473500000000058e+03 1.376234999999999786e+02 4.413570257888117104e-02
2.674082399999999780e+03 7.208850000000001046e+01 4.461285917666479861e-02
2.676689800000000105e+03 9.830250000000000909e+01 4.422990909498710627e-02
2.679295999999999822e+03 9.174899999999999523e+01 4.461285917666479861e-02
2.681900700000000143e+03 1.310699999999999932e+02 4.422990909498710627e-02
2.684503999999999905e+03 9.830250000000000909e+01 4.471016105708659760e-02
2.687105900000000020e+03 9.830250000000000909e+01 4.451618981241678430e-02
2.689706499999999778e+03 1.048560000000000088e+02 4.451618981241678430e-02
2.692305699999999888e+03 1.245164999999999935e+02 4.442014614106422343e-02
2.694903499999999894e+03 1.179629999999999939e+02 4.471016105708659760e-02
2.697499899999999798e+03 1.048560000000000088e+02 4.500593161009385640e-02
2.700094999999999800e+03 1.179629999999999939e+02 4.490669018478148783e-02
2.702688700000000154e+03 9.174899999999999523e+01 4.561552052959470804e-02
2.705280999999999949e+03 1.245164999999999935e+02 4.490669018478148783e-02
2.707871900000000096e+03 8.519549999999999557e+01 4.592975285912135469e-02
2.710461400000000140e+03 1.441770000000000209e+02 4.471016105708659760e-02
2.713049599999999828e+03 9.830250000000000909e+01 4.551220098463243380e-02
2.715636399999999867e+03 1.048560000000000088e+02 4.592975285912135469e-02
2.718221799999999803e+03 8.519549999999999557e+01 4.603594896125626224e-02
2.720805899999999838e+03 8.519549999999999557e+01 4.603594896125626224e-02
2.723388600000000224e+03 6.553499999999999659e+01 4.582428830465289787e-02
2.725969900000000052e+03 1.179629999999999939e+02 4.530765073144059352e-02
2.728549899999999980e+03 1.179629999999999939e+02 4.551220098463243380e-02
2.731128400000000056e+03 7.208850000000001046e+01 4.571954693728050301e-02
2.733705699999999979e+03 1.179629999999999939e+02 4.490669018478148783e-02
2.736281500000000051e+03 6.553499999999999659e+01 4.603594896125626224e-02
2.738856000000000222e+03 1.114094999999999942e+02 4.510583391195485681e-02
2.741429099999999835e+03 1.376234999999999786e+02 4.490669018478148783e-02
2.744000900000000001e+03 8.519549999999999557e+01 4.592975285912135469e-02
2.746571300000000065e+03 1.114094999999999942e+02 4.561552052959470804e-02
2.749140300000000025e+03 9.174899999999999523e+01 4.571954693728050301e-02
2.751708000000000084e+03 8.519549999999999557e+01 4.561552052959470804e-02
2.754274300000000039e+03 1.179629999999999939e+02 4.540958033322987225e-02
2.756839300000000094e+03 8.519549999999999557e+01 4.592975285912135469e-02
2.759402900000000045e+03 9.174899999999999523e+01 4.592975285912135469e-02
2.761965200000000095e+03 8.519549999999999557e+01 4.614288510757279943e-02
2.764525999999999840e+03 1.114094999999999942e+02 4.561552052959470804e-02
2.767085599999999886e+03 9.174899999999999523e+01 4.551220098463243380e-02
2.769643799999999828e+03 8.519549999999999557e+01 4.625056993338622774e-02
2.772200600000000122e+03 9.830250000000000909e+01 4.625056993338622774e-02
2.774756100000000060e+03 9.830250000000000909e+01 4.635901221574090930e-02
2.777310199999999895e+03 8.519549999999999557e+01 4.657820498500434003e-02
2.779862999999999829e+03 1.048560000000000088e+02 4.625056993338622774e-02
2.782414400000000114e+03 9.830250000000000909e+01 4.668897376208468175e-02
2.784964500000000044e+03 1.048560000000000088e+02 4.635901221574090930e-02
2.787513199999999870e+03 9.174899999999999523e+01 4.657820498500434003e-02
2.790060599999999795e+03 7.864199999999999591e+01 4.702608264353498602e-02
2.792606699999999819e+03 8.519549999999999557e+01 4.680053658246008386e-02
2.795151400000000194e+03 9.830250000000000909e+01 4.603594896125626224e-02
2.797694700000000012e+03 9.830250000000000909e+01 4.625056993338622774e-02
2.800236699999999928e+03 1.245164999999999935e+02 4.571954693728050301e-02
2.802777399999999943e+03 8.519549999999999557e+01 4.668897376208468175e-02
2.805316699999999855e+03 9.174899999999999523e+01 4.603594896125626224e-02
2.807854699999999866e+03 1.048560000000000088e+02 4.592975285912135469e-02
2.810391299999999774e+03 7.208850000000001046e+01 4.668897376208468175e-02
2.812926599999999780e+03 1.114094999999999942e+02 4.625056993338622774e-02
2.815460599999999886e+03 9.174899999999999523e+01 4.614288510757279943e-02
2.817993199999999888e+03 7.864199999999999591e+01 4.635901221574090930e-02
2.820524499999999989e+03 4.587449999999999761e+01 4.680053658246008386e-02
2.823054500000000189e+03 7.864199999999999591e+01 4.680053658246008386e-02
2.825583099999999831e+03 1.114094999999999942e+02 4.603594896125626224e-02
2.828110400000000027e+03 9.174899999999999523e+01 4.657820498500434003e-02
2.830636399999999867e+03 4.587449999999999761e+01 4.748713369436884102e-02
2.833161000000000058e+03 9.830250000000000909e+01 4.646822087641515331e-02
2.835684299999999894e+03 1.114094999999999942e+02 4.657820498500434003e-02
2.838206299999999828e+03 9.174899999999999523e+01 4.603594896125626224e-02
2.840726900000000114e+03 5.898149999999999693e+01 4.737060067528919838e-02
2.843246200000000044e+03 7.208850000000001046e+01 4.702608264353498602e-02
2.845764200000000073e+03 9.830250000000000909e+01 4.349269231393283752e-02
2.848280900000000202e+03 7.208850000000001046e+01 4.725492138009014520e-02
2.850796200000000226e+03 1.048560000000000088e+02 4.228671929245766958e-02
2.853310199999999895e+03 5.242800000000000438e+01 4.737060067528919838e-02
2.855822900000000118e+03 7.208850000000001046e+01 4.691290297849490254e-02
2.858334199999999782e+03 7.208850000000001046e+01 4.646822087641515331e-02
2.860844300000000203e+03 7.208850000000001046e+01 4.725492138009014520e-02
2.863353000000000065e+03 3.932099999999999795e+01 4.772280329916516600e-02
2.865860400000000027e+03 8.519549999999999557e+01 4.691290297849490254e-02
2.868366399999999885e+03 1.179629999999999939e+02 4.646822087641515331e-02
2.870871200000000044e+03 8.519549999999999557e+01 4.657820498500434003e-02
2.873374600000000100e+03 9.830250000000000909e+01 4.657820498500434003e-02
2.875876699999999801e+03 1.048560000000000088e+02 4.625056993338622774e-02
2.878377500000000055e+03 9.830250000000000909e+01 4.646822087641515331e-02
2.880876999999999953e+03 5.242800000000000438e+01 4.725492138009014520e-02
2.883375199999999950e+03 6.553499999999999659e+01 4.691290297849490254e-02
2.885872100000000046e+03 7.208850000000001046e+01 4.668897376208468175e-02
2.888367600000000039e+03 8.519549999999999557e+01 4.657820498500434003e-02
2.890861800000000130e+03 8.519549999999999557e+01 4.625056993338622774e-02
2.893354800000000068e+03 9.174899999999999523e+01 4.582428830465289787e-02
2.895846399999999903e+03 7.208850000000001046e+01 4.614288510757279943e-02
2.898336699999999837e+03 8.519549999999999557e+01 4.614288510757279943e-02
2.900825699999999870e+03 5.242800000000000438e+01 4.635901221574090930e-02
2.903313400000000001e+03 9.174899999999999523e+01 4.582428830465289787e-02
2.905799700000000030e+03 9.174899999999999523e+01 4.625056993338622774e-02
2.908284799999999905e+03 1.179629999999999939e+02 4.582428830465289787e-02
2.910768599999999878e+03 9.830250000000000909e+01 4.635901221574090930e-02
2.913251000000000204e+03 8.519549999999999557e+01 4.625056993338622774e-02
2.915732199999999921e+03 8.519549999999999557e+01 4.646822087641515331e-02
2.918212100000000191e+03 1.114094999999999942e+02 4.582428830465289787e-02
2.920690599999999904e+03 7.864199999999999591e+01 4.691290297849490254e-02
2.923167899999999918e+03 7.864199999999999591e+01 4.680053658246008386e-02
2.925643799999999828e+03 8.519549999999999557e+01 4.702608264353498602e-02
2.928118500000000040e+03 8.519549999999999557e+01 4.702608264353498602e-02
2.930591800000000148e+03 7.208850000000001046e+01 4.668897376208468175e-02
2.933063900000000103e+03 9.174899999999999523e+01 4.691290297849490254e-02
2.935534700000000157e+03 7.864199999999999591e+01 4.691290297849490254e-02
2.938004100000000108e+03 9.830250000000000909e+01 4.702608264353498602e-02
2.940472299999999905e+03 7.208850000000001046e+01 4.691290297849490254e-02
2.942939199999999801e+03 9.830250000000000909e+01 4.668897376208468175e-02
2.945404700000000048e+03 7.208850000000001046e+01 4.737060067528919838e-02
2.947869000000000142e+03 8.519549999999999557e+01 4.691290297849490254e-02
2.950331999999999880e+03 7.208850000000001046e+01 4.737060067528919838e-02
2.952793700000000172e+03 1.048560000000000088e+02 4.614288510757279943e-02
2.955254199999999855e+03 5.898149999999999693e+01 4.680053658246008386e-02
2.957713299999999890e+03 1.114094999999999942e+02 4.646822087641515331e-02
2.960171100000000024e+03 8.519549999999999557e+01 4.668897376208468175e-02
2.962627700000000004e+03 9.174899999999999523e+01 4.657820498500434003e-02
2.965082899999999881e+03 8.519549999999999557e+01 4.691290297849490254e-02
2.967536900000000060e+03 7.864199999999999591e+01 4.646822087641515331e-02
2.969989599999999882e+03 1.114094999999999942e+02 4.614288510757279943e-02
2.972440999999999804e+03 8.519549999999999557e+01 4.680053658246008386e-02
2.974891099999999824e+03 8.519549999999999557e+01 4.668897376208468175e-02
2.977340000000000146e+03 7.864199999999999591e+01 4.680053658246008386e-02
2.979787499999999909e+03 9.174899999999999523e+01 4.702608264353498602e-02
2.982233799999999974e+03 8.519549999999999557e+01 4.760453099019565371e-02
2.984678800000000138e+03 1.114094999999999942e+02 4.668897376208468175e-02
2.987122499999999945e+03 1.179629999999999939e+02 4.646822087641515331e-02
2.989565000000000055e+03 6.553499999999999659e+01 4.737060067528919838e-02
2.992006100000000060e+03 4.587449999999999761e+01 4.808298050922980155e-02
2.994445999999999913e+03 7.864199999999999591e+01 4.808298050922980155e-02
2.996884599999999864e+03 8.519549999999999557e+01 4.808298050922980155e-02
2.999322000000000116e+03 3.276749999999999829e+01 4.808298050922980155e-02
3.001757999999999811e+03 7.864199999999999591e+01 4.784196154532611989e-02
3.004192799999999806e+03 3.932099999999999795e+01 4.857615218751694386e-02
3.006626299999999901e+03 7.208850000000001046e+01 4.784196154532611989e-02
3.009058500000000095e+03 7.864199999999999591e+01 4.784196154532611989e-02
3.011489500000000135e+03 5.898149999999999693e+01 4.820486405207096564e-02
3.013919199999999819e+03 8.519549999999999557e+01 4.725492138009014520e-02
3.016347600000000057e+03 6.553499999999999659e+01 4.796201684461862125e-02
3.018774800000000141e+03 1.114094999999999942e+02 4.668897376208468175e-02
3.021200699999999870e+03 5.898149999999999693e+01 4.784196154532611989e-02
3.023625300000000152e+03 7.208850000000001046e+01 4.760453099019565371e-02
3.026048699999999826e+03 5.242800000000000438e+01 4.796201684461862125e-02
3.028470800000000054e+03 8.519549999999999557e+01 4.748713369436884102e-02
3.030891599999999926e+03 6.553499999999999659e+01 4.808298050922980155e-02
3.033311200000000099e+03 6.553499999999999659e+01 4.820486405207096564e-02
3.035729499999999916e+03 7.208850000000001046e+01 4.808298050922980155e-02
3.038146499999999833e+03 7.864199999999999591e+01 4.820486405207096564e-02
3.040562300000000050e+03 6.553499999999999659e+01 4.808298050922980155e-02
3.042976799999999912e+03 8.519549999999999557e+01 4.820486405207096564e-02
3.045389999999999873e+03 8.519549999999999557e+01 4.845143785545469317e-02
3.047802000000000135e+03 5.898149999999999693e+01 4.921449956800932890e-02
3.050212799999999788e+03 5.242800000000000438e+01 4.934521560054553474e-02
3.052622199999999793e+03 5.242800000000000438e+01 4.870183455071955270e-02
3.055030499999999847e+03 9.174899999999999523e+01 4.870183455071955270e-02
3.057437399999999798e+03 5.898149999999999693e+01 4.947697876060643679e-02
3.059843199999999797e+03 7.208850000000001046e+01 4.882849753329315812e-02
3.062247600000000148e+03 7.208850000000001046e+01 4.895615395384239621e-02
3.064650799999999890e+03 1.114094999999999942e+02 4.714008543542005936e-02
3.067052799999999934e+03 6.553499999999999659e+01 4.832767919138019480e-02
3.069453500000000076e+03 8.519549999999999557e+01 4.784196154532611989e-02
3.071852899999999863e+03 7.208850000000001046e+01 4.882849753329315812e-02
3.074251099999999951e+03 7.864199999999999591e+01 4.857615218751694386e-02
3.076648000000000138e+03 8.519549999999999557e+01 4.845143785545469317e-02
3.079043700000000172e+03 7.864199999999999591e+01 4.857615218751694386e-02
3.081438200000000052e+03 7.208850000000001046e+01 4.820486405207096564e-02
3.083831400000000031e+03 6.553499999999999659e+01 4.987869289482389085e-02
3.086223399999999856e+03 5.898149999999999693e+01 4.987869289482389085e-02
3.088614099999999780e+03 5.242800000000000438e+01 5.001478780779170658e-02
3.091003499999999804e+03 1.966049999999999898e+01 5.099970236660547607e-02
3.093391799999999876e+03 8.519549999999999557e+01 5.001478780779170658e-02
3.095778699999999844e+03 8.519549999999999557e+01 4.974370295070591058e-02
3.098164499999999862e+03 8.519549999999999557e+01 5.015200284699847938e-02
3.100548999999999978e+03 7.864199999999999591e+01 5.029035346252943434e-02
3.102932200000000194e+03 7.864199999999999591e+01 4.974370295070591058e-02
3.105314199999999801e+03 9.830250000000000909e+01 4.987869289482389085e-02
3.107695000000000164e+03 5.898149999999999693e+01 5.029035346252943434e-02
3.110074500000000171e+03 7.208850000000001046e+01 5.099970236660547607e-02
3.112452800000000025e+03 5.242800000000000438e+01 5.158931388924774264e-02
3.114829900000000180e+03 7.864199999999999591e+01 5.114520823252122900e-02
3.117205699999999979e+03 4.587449999999999761e+01 5.189189310485069206e-02
3.119580300000000079e+03 5.242800000000000438e+01 5.235591330584518643e-02
3.121953700000000026e+03 5.898149999999999693e+01 5.099970236660547607e-02
3.124325800000000072e+03 5.242800000000000438e+01 5.173993994377396738e-02
3.126696699999999964e+03 6.553499999999999659e+01 5.158931388924774264e-02
3.129066299999999956e+03 5.242800000000000438e+01 5.173993994377396738e-02
3.131434699999999793e+03 6.553499999999999659e+01 5.189189310485069206e-02
3.133801899999999932e+03 5.242800000000000438e+01 5.332256563215621165e-02
3.136167899999999918e+03 5.242800000000000438e+01 5.267226611397279878e-02
3.138532600000000002e+03 7.208850000000001046e+01 5.299442365043973563e-02
3.140896099999999933e+03 3.276749999999999829e+01 5.365687966352255395e-02
3.143258400000000165e+03 5.242800000000000438e+01 5.332256563215621165e-02
3.145619400000000041e+03 5.242800000000000438e+01 5.332256563215621165e-02
3.147979299999999967e+03 3.932099999999999795e+01 5.219985956586272596e-02
3.150337899999999991e+03 5.898149999999999693e+01 5.332256563215621165e-02
3.152695200000000114e+03 5.898149999999999693e+01 5.417035432620166679e-02
3.155051399999999830e+03 4.587449999999999761e+01 5.487849358864093502e-02
3.157406300000000101e+03 4.587449999999999761e+01 5.452097516665196236e-02
3.159760000000000218e+03 6.553499999999999659e+01 5.399756168715909299e-02
3.162112500000000182e+03 1.966049999999999898e+01 5.580399718090645750e-02
3.164463799999999992e+03 4.587449999999999761e+01 5.580399718090645750e-02
3.166813799999999901e+03 2.621400000000000219e+01 5.580399718090645750e-02
3.169162600000000111e+03 2.621400000000000219e+01 5.469885810310497198e-02
3.171510200000000168e+03 5.242800000000000438e+01 5.524313875350752440e-02
3.173856600000000071e+03 3.276749999999999829e+01 5.638229238994357101e-02
3.176201799999999821e+03 3.932099999999999795e+01 5.638229238994357101e-02
3.178545700000000124e+03 4.587449999999999761e+01 5.599478063378132003e-02
