-3.075250000000000128e+01 -8.519549999999999557e+01 5.299442365043973563e-02
-2.660050000000000026e+01 -8.519549999999999557e+01 5.299442365043973563e-02
-2.245090000000000074e+01 -8.519549999999999557e+01 5.299442365043973563e-02
-1.830389999999999873e+01 -8.519549999999999557e+01 5.299442365043973563e-02
-1.415949999999999953e+01 -8.519549999999999557e+01 5.299442365043973563e-02
-1.001759999999999984e+01 -8.519549999999999557e+01 5.299442365043973563e-02
-5.878199999999999648e+00 -8.519549999999999557e+01 5.299442365043973563e-02
-1.741400000000000059e+00 -8.519549999999999557e+01 5.299442365043973563e-02
2.392900000000000027e+00 -8.519549999999999557e+01 5.299442365043973563e-02
6.524700000000000166e+00 -8.519549999999999557e+01 5.299442365043973563e-02
1.065390000000000015e+01 -8.519549999999999557e+01 5.299442365043973563e-02
1.478059999999999974e+01 -8.519549999999999557e+01 5.299442365043973563e-02
1.890480000000000160e+01 -8.519549999999999557e+01 5.299442365043973563e-02
2.302649999999999864e+01 -8.519549999999999557e+01 5.299442365043973563e-02
2.714560000000000173e+01 -8.519549999999999557e+01 5.299442365043973563e-02
3.126219999999999999e+01 -8.519549999999999557e+01 5.299442365043973563e-02
3.537639999999999674e+01 -8.519549999999999557e+01 5.299442365043973563e-02
3.948790000000000333e+01 -8.519549999999999557e+01 5.299442365043973563e-02
4.359700000000000131e+01 -8.519549999999999557e+01 5.299442365043973563e-02
4.770360000000000156e+01 -8.519549999999999557e+01 5.299442365043973563e-02
5.180769999999999698e+01 -8.519549999999999557e+01 5.299442365043973563e-02
5.590919999999999845e+01 -8.519549999999999557e+01 5.299442365043973563e-02
6.000829999999999842e+01 -8.519549999999999557e+01 5.299442365043973563e-02
6.410479999999999734e+01 -8.519549999999999557e+01 5.299442365043973563e-02
6.819889999999999475e+01 -8.519549999999999557e+01 5.299442365043973563e-02
7.229040000000000532e+01 -8.519549999999999557e+01 5.299442365043973563e-02
7.637949999999999307e+01 -8.519549999999999557e+01 5.299442365043973563e-02
8.046609999999999729e+01 -8.519549999999999557e+01 5.299442365043973563e-02
8.455010000000000048e+01 -8.519549999999999557e+01 5.299442365043973563e-02
8.863169999999999504e+01 -8.519549999999999557e+01 5.299442365043973563e-02
9.271080000000000609e+01 -8.519549999999999557e+01 5.299442365043973563e-02
9.678740000000000521e+01 -8.519549999999999557e+01 5.299442365043973563e-02
1.008615999999999957e+02 -8.519549999999999557e+01 5.299442365043973563e-02
1.049331999999999994e+02 -8.519549999999999557e+01 5.299442365043973563e-02
1.090023999999999944e+02 -8.519549999999999557e+01 5.299442365043973563e-02
1.130691000000000059e+02 -8.519549999999999557e+01 5.299442365043973563e-02
1.171333000000000055e+02 -8.519549999999999557e+01 5.299442365043973563e-02
1.211949999999999932e+02 -8.519549999999999557e+01 5.299442365043973563e-02
1.252543000000000006e+02 -8.519549999999999557e+01 5.299442365043973563e-02
1.293111000000000104e+02 -8.519549999999999557e+01 5.299442365043973563e-02
1.333653999999999940e+02 -8.519549999999999557e+01 5.299442365043973563e-02
1.374173000000000116e+02 -8.519549999999999557e+01 5.299442365043973563e-02
1.414667000000000030e+02 -8.519549999999999557e+01 5.299442365043973563e-02
1.455137000000000000e+02 -8.519549999999999557e+01 5.299442365043973563e-02
1.495581999999999994e+02 -8.519549999999999557e+01 5.299442365043973563e-02
1.536002000000000010e+02 -8.519549999999999557e+01 5.299442365043973563e-02
1.576398000000000081e+02 -8.519549999999999557e+01 5.299442365043973563e-02
1.616768999999999892e+02 -8.519549999999999557e+01 5.299442365043973563e-02
1.657116000000000042e+02 -8.519549999999999557e+01 5.299442365043973563e-02
1.697437999999999931e+02 -8.519549999999999557e+01 5.299442365043973563e-02
1.737735999999999876e+02 -8.519549999999999557e+01 5.299442365043973563e-02
1.778009000000000128e+02 -8.519549999999999557e+01 5.299442365043973563e-02
1.818257999999999868e+02 6.553500000000000547e+00 4.820486405207096564e-02
1.858481999999999914e+02 -3.276749999999999829e+01 5.618753432132081449e-02
1.898683000000000050e+02 -5.242800000000000438e+01 5.657908982036868178e-02
1.938857999999999890e+02 -4.587449999999999761e+01 5.399756168715909299e-02
1.979010000000000105e+02 -3.932099999999999795e+01 4.974370295070591058e-02
2.019137000000000057e+02 -4.587449999999999761e+01 5.561515062516764890e-02
2.059240000000000066e+02 -3.932099999999999795e+01 5.158931388924774264e-02
2.099318000000000097e+02 -6.553500000000000547e+00 5.382641209121451914e-02
2.139371999999999900e+02 -3.276749999999999829e+01 5.697894702039017073e-02
2.179402000000000044e+02 -4.587449999999999761e+01 5.638229238994357101e-02
2.219407999999999959e+02 -1.966049999999999898e+01 5.738740348215528447e-02
2.259388999999999896e+02 -2.621400000000000219e+01 5.638229238994357101e-02
2.299346999999999923e+02 -1.310700000000000109e+01 5.434481646652192244e-02
2.339279999999999973e+02 -8.519549999999999557e+01 5.618753432132081449e-02
2.379189000000000078e+02 -5.242800000000000438e+01 5.561515062516764890e-02
2.419073999999999955e+02 -1.966049999999999898e+01 5.487849358864093502e-02
2.458934999999999889e+02 -3.276749999999999829e+01 5.657908982036868178e-02
2.498771000000000129e+02 -6.553500000000000547e+00 5.315773505036236468e-02
2.538583999999999889e+02 6.553500000000000547e+00 5.235591330584518643e-02
2.578373000000000275e+02 -2.621400000000000219e+01 5.434481646652192244e-02
2.618136999999999830e+02 -2.621400000000000219e+01 5.780477191556847999e-02
2.657878000000000043e+02 -2.621400000000000219e+01 5.677796245400869302e-02
2.697594000000000278e+02 1.310700000000000109e+01 5.618753432132081449e-02
2.737287000000000035e+02 1.310700000000000109e+01 5.697894702039017073e-02
2.776954999999999814e+02 -6.553500000000000547e+00 5.911372510193094176e-02
2.816600000000000250e+02 6.553500000000000547e+00 5.697894702039017073e-02
2.856220999999999890e+02 -6.553500000000000547e+00 5.487849358864093502e-02
2.895817999999999870e+02 -6.553500000000000547e+00 5.738740348215528447e-02
2.935391000000000190e+02 -2.621400000000000219e+01 5.801690023179938843e-02
2.974940000000000282e+02 -1.966049999999999898e+01 5.780477191556847999e-02
3.014465000000000146e+02 0.000000000000000000e+00 5.677796245400869302e-02
3.053967000000000098e+02 -2.621400000000000219e+01 5.399756168715909299e-02
3.093444000000000074e+02 -3.276749999999999829e+01 5.697894702039017073e-02
3.132898000000000138e+02 6.553500000000000547e+00 5.823138118593296220e-02
3.172327999999999975e+02 1.966049999999999898e+01 5.844825858908214017e-02
3.211734999999999900e+02 1.310700000000000109e+01 5.911372510193094176e-02
3.251116999999999848e+02 6.553500000000000547e+00 5.844825858908214017e-02
3.290475999999999885e+02 1.310700000000000109e+01 5.599478063378132003e-02
3.329812000000000012e+02 -1.310700000000000109e+01 5.718208116564967719e-02
3.369123000000000161e+02 3.932099999999999795e+01 5.780477191556847999e-02
3.408410999999999831e+02 6.553500000000000547e+00 5.823138118593296220e-02
3.447676000000000158e+02 0.000000000000000000e+00 5.801690023179938843e-02
3.486917000000000257e+02 2.621400000000000219e+01 6.027520594402300397e-02
3.526134000000000128e+02 3.276749999999999829e+01 5.866757740313278263e-02
3.565326999999999771e+02 -0.000000000000000000e+00 5.866757740313278263e-02
3.604497000000000071e+02 1.966049999999999898e+01 6.100584117714331206e-02
3.643643999999999892e+02 6.553500000000000547e+00 6.176370677164789991e-02
3.682767000000000053e+02 3.276749999999999829e+01 6.125535486133146940e-02
3.721866999999999734e+02 1.966049999999999898e+01 6.150795533448388808e-02
3.760942999999999756e+02 2.621400000000000219e+01 5.980245193165763945e-02
3.799995000000000118e+02 1.966049999999999898e+01 6.150795533448388808e-02
3.839024000000000001e+02 2.621400000000000219e+01 6.075935192194648060e-02
3.878029999999999973e+02 6.553500000000000547e+00 6.100584117714331206e-02
3.917013000000000034e+02 6.553500000000000547e+00 6.100584117714331206e-02
3.955971999999999866e+02 -1.310700000000000109e+01 6.051582648536778936e-02
3.994907000000000039e+02 1.966049999999999898e+01 5.866757740313278263e-02
4.033820000000000050e+02 2.621400000000000219e+01 6.100584117714331206e-02
4.072708999999999833e+02 1.310700000000000109e+01 6.100584117714331206e-02
4.111573999999999955e+02 3.276749999999999829e+01 6.075935192194648060e-02
4.150416999999999916e+02 5.242800000000000438e+01 6.281957311528793553e-02
4.189236000000000217e+02 5.242800000000000438e+01 6.100584117714331206e-02
4.228032000000000039e+02 1.966049999999999898e+01 6.075935192194648060e-02
4.266804000000000201e+02 3.932099999999999795e+01 6.125535486133146940e-02
4.305554000000000201e+02 3.932099999999999795e+01 5.934065002501642816e-02
4.344279999999999973e+02 4.587449999999999761e+01 5.934065002501642816e-02
4.382982999999999834e+02 1.310700000000000109e+01 5.844825858908214017e-02
4.421662999999999784e+02 3.276749999999999829e+01 5.888938377990093898e-02
4.460319999999999823e+02 4.587449999999999761e+01 5.911372510193094176e-02
4.498953999999999951e+02 6.553500000000000547e+00 6.003743300162284191e-02
4.537563999999999851e+02 1.310700000000000109e+01 6.100584117714331206e-02
4.576152000000000157e+02 1.966049999999999898e+01 6.003743300162284191e-02
4.614716000000000236e+02 3.932099999999999795e+01 6.100584117714331206e-02
4.653258000000000152e+02 3.932099999999999795e+01 6.176370677164789991e-02
4.691775999999999840e+02 2.621400000000000219e+01 6.150795533448388808e-02
4.730271000000000186e+02 5.242800000000000438e+01 6.255053730465987005e-02
4.768743999999999801e+02 3.932099999999999795e+01 6.364799887023071812e-02
4.807192999999999756e+02 6.553499999999999659e+01 6.150795533448388808e-02
4.845620000000000118e+02 3.276749999999999829e+01 6.336822609224598835e-02
4.884023000000000252e+02 1.966049999999999898e+01 6.336822609224598835e-02
4.922404000000000224e+02 4.587449999999999761e+01 6.176370677164789991e-02
4.960761999999999716e+02 4.587449999999999761e+01 6.281957311528793553e-02
4.999096999999999866e+02 3.932099999999999795e+01 6.336822609224598835e-02
5.037409000000000106e+02 5.242800000000000438e+01 6.176370677164789991e-02
5.075697999999999865e+02 3.932099999999999795e+01 6.336822609224598835e-02
5.113964000000000283e+02 4.587449999999999761e+01 6.421884436892424941e-02
5.152208000000000538e+02 3.932099999999999795e+01 6.336822609224598835e-02
5.190429000000000315e+02 3.276749999999999829e+01 6.336822609224598835e-02
5.228627000000000180e+02 4.587449999999999761e+01 6.421884436892424941e-02
5.266802000000000135e+02 3.932099999999999795e+01 6.336822609224598835e-02
5.304954999999999927e+02 5.898149999999999693e+01 6.393151029065154145e-02
5.343084999999999809e+02 3.932099999999999795e+01 6.364799887023071812e-02
5.381191999999999780e+02 5.898149999999999693e+01 6.309211050388034703e-02
5.419275999999999840e+02 5.242800000000000438e+01 6.364799887023071812e-02
5.457337999999999738e+02 4.587449999999999761e+01 6.364799887023071812e-02
5.495376999999999725e+02 6.553499999999999659e+01 6.281957311528793553e-02
5.533393999999999551e+02 5.898149999999999693e+01 6.336822609224598835e-02
5.571387999999999465e+02 3.276749999999999829e+01 6.255053730465987005e-02
5.609358999999999469e+02 5.242800000000000438e+01 6.309211050388034703e-02
5.647308000000000447e+02 7.208850000000001046e+01 6.309211050388034703e-02
5.685234000000000378e+02 7.208850000000001046e+01 6.150795533448388808e-02
5.723138000000000147e+02 7.208850000000001046e+01 6.202267523143970701e-02
5.761019000000000005e+02 6.553499999999999659e+01 6.125535486133146940e-02
5.798877999999999702e+02 5.242800000000000438e+01 6.202267523143970701e-02
5.836713999999999487e+02 3.932099999999999795e+01 6.364799887023071812e-02
5.874528000000000247e+02 7.208850000000001046e+01 6.364799887023071812e-02
5.912318999999999960e+02 5.898149999999999693e+01 6.336822609224598835e-02
5.950087999999999511e+02 6.553499999999999659e+01 6.393151029065154145e-02
5.987835000000000036e+02 3.932099999999999795e+01 6.364799887023071812e-02
6.025558999999999514e+02 5.898149999999999693e+01 6.336822609224598835e-02
6.063260999999999967e+02 7.208850000000001046e+01 6.364799887023071812e-02
6.100940000000000509e+02 7.864199999999999591e+01 6.281957311528793553e-02
6.138596999999999753e+02 5.898149999999999693e+01 6.364799887023071812e-02
6.176231999999999971e+02 7.208850000000001046e+01 6.255053730465987005e-02
6.213845000000000027e+02 7.208850000000001046e+01 6.309211050388034703e-02
6.251435000000000173e+02 5.898149999999999693e+01 6.309211050388034703e-02
6.289003000000000156e+02 7.864199999999999591e+01 6.309211050388034703e-02
6.326548000000000229e+02 3.276749999999999829e+01 6.309211050388034703e-02
6.364071999999999889e+02 4.587449999999999761e+01 6.336822609224598835e-02
6.401572999999999638e+02 4.587449999999999761e+01 6.281957311528793553e-02
6.439052000000000362e+02 5.242800000000000438e+01 6.281957311528793553e-02
6.476508999999999787e+02 6.553499999999999659e+01 6.281957311528793553e-02
6.513944000000000187e+02 9.174899999999999523e+01 6.281957311528793553e-02
6.551355999999999540e+02 7.864199999999999591e+01 5.382641209121451914e-02
6.588746999999999616e+02 7.208850000000001046e+01 6.255053730465987005e-02
6.626114999999999782e+02 8.519549999999999557e+01 6.125535486133146940e-02
6.663461999999999534e+02 6.553499999999999659e+01 6.336822609224598835e-02
6.700786000000000513e+02 8.519549999999999557e+01 6.309211050388034703e-02
6.738088000000000193e+02 7.208850000000001046e+01 6.176370677164789991e-02
6.775367999999999711e+02 6.553499999999999659e+01 6.228492872772460609e-02
6.812626000000000204e+02 8.519549999999999557e+01 6.075935192194648060e-02
6.849862000000000535e+02 7.208850000000001046e+01 6.364799887023071812e-02
6.887075999999999567e+02 7.208850000000001046e+01 6.281957311528793553e-02
6.924269000000000460e+02 7.208850000000001046e+01 6.255053730465987005e-02
6.961439000000000306e+02 6.553499999999999659e+01 6.336822609224598835e-02
6.998586999999999989e+02 9.830250000000000909e+01 6.255053730465987005e-02
7.035712999999999511e+02 8.519549999999999557e+01 6.150795533448388808e-02
7.072817999999999756e+02 8.519549999999999557e+01 6.255053730465987005e-02
7.109900999999999840e+02 1.048560000000000088e+02 6.202267523143970701e-02
7.146961000000000013e+02 8.519549999999999557e+01 6.255053730465987005e-02
7.183999999999999773e+02 9.174899999999999523e+01 6.176370677164789991e-02
7.221017000000000507e+02 6.553499999999999659e+01 6.255053730465987005e-02
7.258011999999999944e+02 6.553499999999999659e+01 6.336822609224598835e-02
7.294986000000000104e+02 9.830250000000000909e+01 5.524313875350752440e-02
7.331938000000000102e+02 9.830250000000000909e+01 6.051582648536778936e-02
7.368867999999999938e+02 7.208850000000001046e+01 6.202267523143970701e-02
7.405775999999999613e+02 7.864199999999999591e+01 6.228492872772460609e-02
7.442662000000000262e+02 7.864199999999999591e+01 6.202267523143970701e-02
7.479527000000000498e+02 9.174899999999999523e+01 6.100584117714331206e-02
7.516369999999999436e+02 9.830250000000000909e+01 6.075935192194648060e-02
7.553191000000000486e+02 7.864199999999999591e+01 6.051582648536778936e-02
7.589990999999999985e+02 9.174899999999999523e+01 6.202267523143970701e-02
7.626769000000000460e+02 1.048560000000000088e+02 6.075935192194648060e-02
7.663526000000000522e+02 9.830250000000000909e+01 6.202267523143970701e-02
7.700261000000000422e+02 9.830250000000000909e+01 6.125535486133146940e-02
7.736974000000000160e+02 8.519549999999999557e+01 6.150795533448388808e-02
7.773665999999999485e+02 8.519549999999999557e+01 6.150795533448388808e-02
7.810335999999999785e+02 7.864199999999999591e+01 6.125535486133146940e-02
7.846984999999999673e+02 9.830250000000000909e+01 6.027520594402300397e-02
7.883612000000000535e+02 9.830250000000000909e+01 6.125535486133146940e-02
7.920217000000000098e+02 1.048560000000000088e+02 6.100584117714331206e-02
7.956801000000000386e+02 9.830250000000000909e+01 5.980245193165763945e-02
7.993364000000000260e+02 2.051061189639838744e+01 6.075935192194648060e-02
8.029904999999999973e+02 1.995316261306322758e+01 6.150795533448388808e-02
8.066425000000000409e+02 1.939327416559657991e+01 6.051582648536778936e-02
8.102922999999999547e+02 3.193790680650964475e+01 6.051582648536778936e-02
8.139400000000000546e+02 5.159020659915967144e+00 5.980245193165763945e-02
8.175855999999999995e+02 2.425207572715501669e+01 6.075935192194648060e-02
8.212290000000000418e+02 1.057503189244118857e+01 6.051582648536778936e-02
8.248703000000000429e+02 -1.621165107146192952e+01 6.051582648536778936e-02
8.285094000000000278e+02 1.598048643692405335e+01 6.100584117714331206e-02
8.321464999999999463e+02 2.850940385351906059e+01 6.027520594402300397e-02
8.357812999999999874e+02 1.482156045443814207e+01 6.003743300162284191e-02
8.394140999999999622e+02 1.130915361772309780e+00 6.150795533448388808e-02
8.430447000000000344e+02 -6.009072450602815252e+00 6.100584117714331206e-02
8.466731999999999516e+02 6.508555848809194799e+00 6.075935192194648060e-02
8.502996000000000549e+02 2.557675902052542938e+01 5.957020852253055998e-02
8.539239000000000033e+02 5.320995759977563466e+00 6.150795533448388808e-02
8.575460000000000491e+02 2.438322470343457837e+01 5.888938377990093898e-02
8.611660000000000537e+02 -2.432095566044310431e+00 6.027520594402300397e-02
8.647839999999999918e+02 1.007049348737294281e+01 5.957020852253055998e-02
8.683997000000000526e+02 9.462950358304397014e+00 6.027520594402300397e-02
8.720134000000000469e+02 2.298733506198260557e+00 6.051582648536778936e-02
8.756250000000000000e+02 1.684801361408247544e+00 6.075935192194648060e-02
8.792344000000000506e+02 1.067612331300736628e+00 6.051582648536778936e-02
8.828418000000000347e+02 1.355412480639417083e+01 6.051582648536778936e-02
8.864470000000000027e+02 -1.767028334691076452e-01 6.027520594402300397e-02
8.900502000000000180e+02 -1.391091221291807756e+01 6.150795533448388808e-02
8.936512000000000171e+02 5.118954979650510495e+00 6.176370677164789991e-02
8.972500999999999749e+02 1.103835699834398554e+01 6.051582648536778936e-02
9.008469000000000051e+02 -9.259747953919728047e+00 6.125535486133146940e-02
9.044416999999999689e+02 3.206098280928699751e+00 6.075935192194648060e-02
9.080343000000000302e+02 1.566835382248613939e+01 5.980245193165763945e-02
9.116248000000000502e+02 2.157347675828859224e+01 6.051582648536778936e-02
9.152133000000000038e+02 -5.292574849741512821e+00 6.150795533448388808e-02
9.187996000000000549e+02 -1.250184295881150831e+01 6.202267523143970701e-02
9.223839000000000397e+02 -5.436953873775962620e-02 6.176370677164789991e-02
9.259660000000000082e+02 1.238930343461171901e+01 6.150795533448388808e-02
9.295461000000000240e+02 -1.384865471479258758e+00 6.125535486133146940e-02
9.331240999999999985e+02 -1.516291051993843553e+01 6.150795533448388808e-02
9.367000000000000455e+02 -2.730852138887328806e+00 6.075935192194648060e-02
9.402739000000000260e+02 -3.409690217901570009e+00 6.100584117714331206e-02
9.438455999999999904e+02 2.461102634656114674e+00 6.051582648536778936e-02
9.474153000000000020e+02 1.774587873228284707e+00 6.176370677164789991e-02
9.509828999999999724e+02 -1.202267307235344163e+01 6.150795533448388808e-02
9.545484000000000151e+02 3.903812099967467475e-01 6.075935192194648060e-02
9.581118000000000166e+02 6.246312121521526706e+00 6.150795533448388808e-02
9.616731999999999516e+02 -7.561818940440318215e+00 6.202267523143970701e-02
9.652324999999999591e+02 -1.712947509743230512e+00 6.100584117714331206e-02
9.687897000000000389e+02 -8.974499047135267915e+00 6.202267523143970701e-02
9.723449000000000524e+02 3.421118098980940658e+00 6.100584117714331206e-02
9.758979000000000497e+02 -3.846980234016783129e+00 6.176370677164789991e-02
9.794489999999999554e+02 -4.564646916255512110e+00 6.125535486133146940e-02
9.829978999999999587e+02 7.821765155072498032e+00 6.100584117714331206e-02
9.865448000000000093e+02 7.098403062886433190e+00 6.051582648536778936e-02
9.900896999999999935e+02 -1.810861225770423744e-01 6.125535486133146940e-02
9.936323999999999614e+02 1.219744466346978129e+01 6.075935192194648060e-02
9.971731999999999516e+02 1.802014429486496283e+01 6.100584117714331206e-02
1.000711800000000039e+03 -2.373338410992772651e+00 6.150795533448388808e-02
1.004248399999999947e+03 2.310564531416387979e+01 6.027520594402300397e-02
1.007783000000000015e+03 -3.845255803199421507e+00 6.125535486133146940e-02
1.011315500000000043e+03 8.523106863396762378e+00 6.100584117714331206e-02
1.014846000000000004e+03 1.433638184781429459e+01 6.027520594402300397e-02
1.018374400000000037e+03 4.877175986841280064e-01 6.150795533448388808e-02
1.021900800000000004e+03 1.285176248680828337e+01 6.003743300162284191e-02
1.025425099999999929e+03 5.554164812576757981e+00 6.027520594402300397e-02
1.028947400000000016e+03 1.136257281339688063e+01 6.125535486133146940e-02
1.032467599999999948e+03 1.717013460559958560e+01 6.125535486133146940e-02
1.035985799999999927e+03 9.869998191889948203e+00 6.051582648536778936e-02
1.039501999999999953e+03 2.569311468807086385e+00 6.100584117714331206e-02
1.043016100000000051e+03 1.821722234189962819e+00 6.100584117714331206e-02
1.046528199999999970e+03 1.418087819464955146e+01 6.075935192194648060e-02
1.050038199999999961e+03 3.259269730445737423e-01 6.051582648536778936e-02
1.053546199999999999e+03 6.131516115960238267e+00 6.027520594402300397e-02
1.057052200000000084e+03 1.193729303565251598e+01 6.027520594402300397e-02
1.060556199999999990e+03 1.774340501752712385e+01 5.980245193165763945e-02
1.064058099999999968e+03 1.044299922761717880e+01 6.051582648536778936e-02
1.067557999999999993e+03 1.625022272005662671e+01 6.027520594402300397e-02
1.071055900000000065e+03 3.516522237901449444e+01 5.911372510193094176e-02
1.074551799999999957e+03 1.476014492615766471e+01 6.003743300162284191e-02
1.078045599999999922e+03 2.057013692810571115e+01 5.866757740313278263e-02
1.081537499999999909e+03 2.638134480387702752e+01 5.957020852253055998e-02
1.085027299999999968e+03 4.530091476678862250e+01 5.888938377990093898e-02
1.088515100000000075e+03 3.145449283187923584e+01 5.980245193165763945e-02
1.092000800000000027e+03 1.105622475778349667e+01 5.934065002501642816e-02
1.095484600000000000e+03 4.308775605412608911e+01 5.866757740313278263e-02
1.098966300000000047e+03 4.235373192336453485e+01 5.911372510193094176e-02
1.102446099999999888e+03 2.851479726814872606e+01 5.844825858908214017e-02
1.105923800000000028e+03 1.467809669866127820e+01 5.980245193165763945e-02
1.109399499999999989e+03 4.016477453993684321e+01 5.780477191556847999e-02
1.112873199999999997e+03 2.633297477362418704e+01 5.934065002501642816e-02
1.116345000000000027e+03 1.905734097972433005e+01 5.957020852253055998e-02
1.119814699999999903e+03 3.144501634383863120e+01 5.934065002501642816e-02
1.123282400000000052e+03 4.383564366439020432e+01 5.866757740313278263e-02
1.126748100000000022e+03 3.656886535981709585e+01 5.888938377990093898e-02
1.130211800000000039e+03 4.241232347573588868e+01 5.823138118593296220e-02
1.133673500000000104e+03 5.481265969207470334e+01 5.823138118593296220e-02
1.137133199999999988e+03 4.755601533017343741e+01 5.844825858908214017e-02
1.140590999999999894e+03 4.030303129431555931e+01 5.844825858908214017e-02
1.144046700000000101e+03 6.582134807875965521e+01 5.801690023179938843e-02
1.147500399999999900e+03 3.236210577473374883e+01 5.866757740313278263e-02
1.150952199999999948e+03 3.167444407739267831e+01 5.801690023179938843e-02
1.154402000000000044e+03 5.720500222720025363e+01 5.638229238994357101e-02
1.157849699999999984e+03 3.686541895127069779e+01 5.780477191556847999e-02
1.161295499999999947e+03 6.895833240466851066e+01 5.759495353930649958e-02
1.164739399999999932e+03 7.484188011166386900e+01 5.718208116564967719e-02
1.168181199999999990e+03 6.762319897247880363e+01 5.580399718090645750e-02
1.171621000000000095e+03 8.662342520445173477e+01 5.718208116564967719e-02
1.175058899999999994e+03 5.975419434868905455e+01 5.718208116564967719e-02
1.178494799999999941e+03 1.049786412111330378e+02 5.618753432132081449e-02
1.181928699999999935e+03 7.156639986911417850e+01 5.759495353930649958e-02
1.185360699999999952e+03 9.714110361231655588e+01 5.542820841345545702e-02
1.188790700000000015e+03 8.340038488369037850e+01 5.524313875350752440e-02
1.192218699999999899e+03 9.587937528584481583e+01 5.618753432132081449e-02
1.195644700000000057e+03 7.559670545631527716e+01 5.638229238994357101e-02
1.199068800000000010e+03 1.011945050738436009e+02 5.599478063378132003e-02
1.202490900000000011e+03 1.005844027990646339e+02 5.505991059119644260e-02
1.205911000000000058e+03 9.998052628066832881e+01 5.599478063378132003e-02
1.209329199999999901e+03 1.190435021615007827e+02 5.452097516665196236e-02
1.212745400000000018e+03 1.250059560846029285e+02 5.434481646652192244e-02
1.216159699999999930e+03 1.113145126991855705e+02 5.505991059119644260e-02
1.219571999999999889e+03 9.762979553547049250e+01 5.542820841345545702e-02
1.222982299999999896e+03 1.298264269449989001e+02 5.452097516665196236e-02
1.226390699999999924e+03 1.292625280408744004e+02 5.524313875350752440e-02
1.229797100000000000e+03 1.352592187034713618e+02 5.542820841345545702e-02
1.233201600000000099e+03 1.216026175205388995e+02 5.452097516665196236e-02
1.236604100000000017e+03 1.341673417927690650e+02 5.417035432620166679e-02
1.240004699999999957e+03 1.532930074737579105e+02 5.399756168715909299e-02
1.243403299999999945e+03 1.658727291754281907e+02 5.299442365043973563e-02
1.246799899999999980e+03 1.850136199767725316e+02 5.348893909614004655e-02
1.250194700000000012e+03 1.517342914291264435e+02 5.299442365043973563e-02
1.253587500000000091e+03 1.774443534302945409e+02 5.332256563215621165e-02
1.256978299999999990e+03 1.769484140985982492e+02 5.251337505477943896e-02
1.260367199999999912e+03 2.157815797779158800e+02 5.251337505477943896e-02
1.263754200000000083e+03 2.087484549771066042e+02 5.283260823864486394e-02
1.267139200000000073e+03 2.344911421127490598e+02 5.235591330584518643e-02
1.270522300000000087e+03 2.209212414484022133e+02 5.158931388924774264e-02
1.273903399999999920e+03 2.270203510337837827e+02 5.189189310485069206e-02
1.277282600000000002e+03 2.527885666438643568e+02 5.143999573558338118e-02
1.280659900000000107e+03 2.720119817178761537e+02 5.099970236660547607e-02
1.284035300000000007e+03 2.977976871671656909e+02 5.071237781339148210e-02
1.287408699999999953e+03 2.973782711829596792e+02 4.947697876060643679e-02
1.290780199999999923e+03 3.166283189785082186e+02 4.974370295070591058e-02
1.294149799999999914e+03 3.096734127932784872e+02 4.974370295070591058e-02
1.297517399999999952e+03 3.158346317659897977e+02 5.001478780779170658e-02
1.300883100000000013e+03 3.416655518730923404e+02 4.934521560054553474e-02
1.304246900000000096e+03 3.609522459326896637e+02 4.908481686679500716e-02
1.307608799999999974e+03 3.736947833462302810e+02 4.820486405207096564e-02
1.310968800000000101e+03 3.930002299056405377e+02 4.820486405207096564e-02
1.314326800000000048e+03 4.123151477314333988e+02 4.760453099019565371e-02
1.317682900000000018e+03 3.661045952107252788e+02 4.895615395384239621e-02
1.321037100000000009e+03 4.116526270006905293e+02 4.796201684461862125e-02
1.324389400000000023e+03 4.441032939008533731e+02 4.668897376208468175e-02
1.327739800000000059e+03 3.979216428563514114e+02 4.725492138009014520e-02
1.331088299999999890e+03 3.976242169611042527e+02 4.404209546909487738e-02
1.334434799999999996e+03 4.169970554608853490e+02 4.796201684461862125e-02
1.337779500000000098e+03 3.905051937562960802e+02 4.820486405207096564e-02
1.341122200000000021e+03 4.230046634056421908e+02 4.737060067528919838e-02
1.344463099999999940e+03 4.030859921277122453e+02 4.772280329916516600e-02
1.347801999999999907e+03 3.635167038044588708e+02 4.857615218751694386e-02
1.351139100000000099e+03 3.829388184835790412e+02 4.796201684461862125e-02
1.354474200000000110e+03 3.499428525776033894e+02 4.908481686679500716e-02
1.357807399999999916e+03 3.431708188662790917e+02 4.870183455071955270e-02
1.361138799999999947e+03 3.298552266299250846e+02 4.895615395384239621e-02
1.364468200000000024e+03 3.231030817171521790e+02 4.934521560054553474e-02
1.367795800000000099e+03 3.163608866780190283e+02 4.934521560054553474e-02
1.371121399999999994e+03 2.899681408315538533e+02 5.015200284699847938e-02
1.374445200000000114e+03 2.897993403331756781e+02 4.987869289482389085e-02
1.377767000000000053e+03 2.699799784386222541e+02 5.042985540447315201e-02
1.381086999999999989e+03 2.632775455056380451e+02 5.042985540447315201e-02
1.384405099999999948e+03 2.238175291921677683e+02 5.129196666397189269e-02
1.387721299999999928e+03 2.630094145233807694e+02 5.029035346252943434e-02
1.391035599999999931e+03 2.301226838930611223e+02 5.114520823252122900e-02
1.394348099999999931e+03 2.103528173925739395e+02 5.158931388924774264e-02
1.397658599999999979e+03 1.905927928775925011e+02 5.143999573558338118e-02
1.400967300000000023e+03 1.970565861002619954e+02 5.114520823252122900e-02
1.404274100000000089e+03 1.969766707757298150e+02 5.189189310485069206e-02
1.407578999999999951e+03 2.034600186485774316e+02 5.173993994377396738e-02
1.410882000000000062e+03 1.968460994936196471e+02 5.143999573558338118e-02
1.414183199999999943e+03 1.509208811166065516e+02 5.235591330584518643e-02
1.417482500000000073e+03 1.705403294203618998e+02 5.204519297533252709e-02
1.420779899999999998e+03 1.574019086018958546e+02 5.267226611397279878e-02
1.424075499999999920e+03 1.639335812183503549e+02 5.251337505477943896e-02
1.427369099999999889e+03 1.573678082528480218e+02 5.267226611397279878e-02
1.430660900000000083e+03 1.377045491147108862e+02 5.299442365043973563e-02
1.433950900000000047e+03 1.180507617051179352e+02 5.332256563215621165e-02
1.437239000000000033e+03 1.115134024171325962e+02 5.365687966352255395e-02
1.440525200000000041e+03 1.508599262011713620e+02 5.267226611397279878e-02
1.443809500000000071e+03 1.312342866303764879e+02 5.315773505036236468e-02
1.447092000000000098e+03 1.181714359003612174e+02 5.348893909614004655e-02
1.450372599999999920e+03 1.378853248943957510e+02 5.267226611397279878e-02
1.453651399999999967e+03 1.445014031829662713e+02 5.299442365043973563e-02
1.456928300000000036e+03 9.214511902324034054e+01 5.382641209121451914e-02
1.460203400000000101e+03 1.053329194239771311e+02 5.417035432620166679e-02
1.463476599999999962e+03 9.886925014480905816e+01 5.332256563215621165e-02
1.466747900000000072e+03 1.251820557609698881e+02 5.315773505036236468e-02
1.470017399999999952e+03 9.907577966239563239e+01 5.348893909614004655e-02
1.473285000000000082e+03 1.254063640527369614e+02 5.267226611397279878e-02
1.476550799999999981e+03 1.320852499482817279e+02 5.283260823864486394e-02
1.479814800000000105e+03 1.125588771767892808e+02 5.283260823864486394e-02
1.483076900000000023e+03 1.389156843762366407e+02 5.283260823864486394e-02
1.486337099999999964e+03 1.062996089934771646e+02 5.315773505036236468e-02
1.489595499999999902e+03 1.195665872828122076e+02 5.299442365043973563e-02
1.492852100000000064e+03 1.131815543044774017e+02 5.348893909614004655e-02
1.496106800000000021e+03 1.133584439230425005e+02 5.315773505036236468e-02
1.499359699999999975e+03 1.397576888057267581e+02 5.283260823864486394e-02
1.502610799999999927e+03 1.137372203550950474e+02 5.283260823864486394e-02
1.505859999999999900e+03 1.532599687072054451e+02 5.251337505477943896e-02
1.509107400000000098e+03 1.075953627296740081e+02 5.348893909614004655e-02
1.512352900000000091e+03 1.274738299541220385e+02 5.299442365043973563e-02
1.515596600000000080e+03 1.473602965085425467e+02 5.251337505477943896e-02
1.518838500000000067e+03 1.475941871151200360e+02 5.283260823864486394e-02
1.522078600000000051e+03 1.216219250879713627e+02 5.235591330584518643e-02
1.525316800000000057e+03 1.611924322652716342e+02 5.189189310485069206e-02
1.528553200000000061e+03 1.417891290068368164e+02 5.189189310485069206e-02
1.531787700000000086e+03 1.486074341916286699e+02 5.267226611397279878e-02
1.535020500000000084e+03 1.619867651496475673e+02 5.204519297533252709e-02
1.538251400000000103e+03 1.622665376592849213e+02 5.204519297533252709e-02
1.541480499999999893e+03 1.560001659445995017e+02 5.189189310485069206e-02
1.544707799999999907e+03 1.562945626069847265e+02 5.158931388924774264e-02
1.547933199999999943e+03 1.631496386222973172e+02 5.143999573558338118e-02
1.551156899999999951e+03 1.831188033379136471e+02 5.114520823252122900e-02
1.554378699999999981e+03 1.965414644697138442e+02 5.114520823252122900e-02
1.557598700000000008e+03 1.772035279679250834e+02 5.143999573558338118e-02
1.560816900000000032e+03 2.037468979484301030e+02 5.071237781339148210e-02
1.564033300000000054e+03 1.975294765584716288e+02 5.071237781339148210e-02
1.567247800000000097e+03 2.044256639733580698e+02 5.085543134951424349e-02
1.570460600000000113e+03 2.244353583275687356e+02 5.015200284699847938e-02
1.573671599999999899e+03 2.313444557113257645e+02 5.029035346252943434e-02
1.576880699999999933e+03 2.644738499704980086e+02 4.987869289482389085e-02
1.580087999999999965e+03 2.713954326375097139e+02 4.921449956800932890e-02
1.583293599999999969e+03 2.652160926000469772e+02 4.908481686679500716e-02
1.586497299999999996e+03 2.852567160973763976e+02 4.908481686679500716e-02
1.589699200000000019e+03 3.184101866510687842e+02 4.820486405207096564e-02
1.592899400000000014e+03 3.056948849956629033e+02 4.857615218751694386e-02
1.596097700000000032e+03 3.323061890748056726e+02 4.796201684461862125e-02
1.599294200000000046e+03 3.261554740373352388e+02 4.820486405207096564e-02
1.602488900000000058e+03 3.462241122333082330e+02 4.820486405207096564e-02
1.605681900000000041e+03 3.335304732099710918e+02 4.784196154532611989e-02
1.608873000000000047e+03 3.208419237076797117e+02 4.796201684461862125e-02
1.612062400000000025e+03 2.950513276557652489e+02 4.895615395384239621e-02
1.615249900000000025e+03 3.020330461683495855e+02 4.832767919138019480e-02
1.618435699999999997e+03 2.828054375401117113e+02 4.908481686679500716e-02
1.621619699999999966e+03 2.635823572420051164e+02 4.947697876060643679e-02
1.624801899999999932e+03 2.247031579169290580e+02 5.001478780779170658e-02
1.627982299999999896e+03 2.251491895719593401e+02 5.001478780779170658e-02
1.631160900000000083e+03 1.862782999671403843e+02 5.071237781339148210e-02
1.634337700000000041e+03 1.736253346110247833e+02 5.057052473045308555e-02
1.637512799999999970e+03 1.478691371493823397e+02 5.189189310485069206e-02
1.640686099999999897e+03 1.417770494917295707e+02 5.173993994377396738e-02
1.643857600000000048e+03 1.291349120688915946e+02 5.235591330584518643e-02
1.647027299999999968e+03 1.164960638939233775e+02 5.173993994377396738e-02
1.650195200000000114e+03 1.104138426885305648e+02 5.299442365043973563e-02
1.653361400000000003e+03 6.501358500945843844e+01 5.382641209121451914e-02
1.656525799999999890e+03 8.515112630931375293e+01 5.332256563215621165e-02
1.659688400000000001e+03 5.286330119396268401e+01 5.399756168715909299e-02
1.662849200000000110e+03 4.023844361436502481e+01 5.487849358864093502e-02
1.666008299999999963e+03 5.382988699284769041e+01 5.382641209121451914e-02
1.669165600000000040e+03 2.810246421828321672e+01 5.505991059119644260e-02
1.672321200000000090e+03 2.203750764124555417e+01 5.469885810310497198e-02
1.675474899999999934e+03 2.908134920021399239e+01 5.524313875350752440e-02
1.678626899999999978e+03 5.578732041668789066e+01 5.399756168715909299e-02
1.681777199999999993e+03 4.317375245581800414e+01 5.469885810310497198e-02
1.684925600000000031e+03 1.090097618702193927e+01 5.505991059119644260e-02
1.688072400000000016e+03 1.795032217904986283e+01 5.452097516665196236e-02
1.691217300000000023e+03 5.340120760572261815e+00 5.452097516665196236e-02
1.694360500000000002e+03 3.860520208075647020e+01 5.452097516665196236e-02
1.697501999999999953e+03 1.944289610429862591e+01 5.434481646652192244e-02
1.700641599999999926e+03 -1.282596732801698636e+01 5.524313875350752440e-02
1.703779600000000073e+03 1.388694149569982983e+01 5.452097516665196236e-02
1.706915700000000015e+03 7.832452218994319537e+00 5.452097516665196236e-02
1.710050199999999904e+03 8.331394412077031575e+00 5.469885810310497198e-02
1.713182800000000043e+03 2.276597566834311692e+00 5.469885810310497198e-02
1.716313699999999926e+03 2.774891157373588157e+00 5.469885810310497198e-02
1.719442900000000009e+03 3.272604635036373111e+00 5.487849358864093502e-02
1.722570300000000088e+03 -2.783932576584589924e+00 5.487849358864093502e-02
1.725695999999999913e+03 -2.287891086622437342e+00 5.505991059119644260e-02
1.728819899999999961e+03 -1.792941541905889835e+00 5.505991059119644260e-02
1.731942099999999982e+03 -7.852731733231649969e+00 5.524313875350752440e-02
1.735062599999999975e+03 -7.360391539910580150e+00 5.524313875350752440e-02
1.738181299999999965e+03 -1.997653786192853431e+01 5.561515062516764890e-02
1.741298199999999952e+03 -2.604077953842475779e+01 5.580399718090645750e-02
1.744413500000000113e+03 6.607777486796067024e-01 5.580399718090645750e-02
1.747526900000000069e+03 7.700028315731231032e+00 5.524313875350752440e-02
1.750638699999999972e+03 -1.147663352753090749e+01 5.580399718090645750e-02
1.753748700000000099e+03 8.665686517166847125e+00 5.487849358864093502e-02
1.756856999999999971e+03 -1.051511726820555737e+01 5.469885810310497198e-02
1.759963500000000067e+03 3.069349377200069284e+00 5.505991059119644260e-02
1.763068400000000111e+03 1.665152029078814166e+01 5.524313875350752440e-02
1.766171499999999924e+03 4.017364116627817339e+00 5.524313875350752440e-02
1.769272799999999961e+03 4.487879558495393439e+00 5.487849358864093502e-02
1.772372399999999971e+03 -1.597409343835323625e+00 5.469885810310497198e-02
1.775470299999999952e+03 1.197552140453069569e+01 5.434481646652192244e-02
1.778566499999999905e+03 -6.678042510721411418e-01 5.542820841345545702e-02
1.781661000000000058e+03 -1.331336241952985233e+01 5.561515062516764890e-02
1.784753699999999981e+03 -1.940762926858518256e+01 5.599478063378132003e-02
1.787844700000000103e+03 7.099189705476760537e-01 5.561515062516764890e-02
1.790933999999999969e+03 -1.194219400140931953e+01 5.524313875350752440e-02
1.794021600000000035e+03 8.171055443631871640e+00 5.487849358864093502e-02
1.797107500000000073e+03 4.138919085657619235e+01 5.399756168715909299e-02
1.800191600000000108e+03 3.528423570661828990e+01 5.399756168715909299e-02
1.803273999999999887e+03 2.917721337673543758e+01 5.399756168715909299e-02
1.806354700000000093e+03 2.962164715920283697e+01 5.399756168715909299e-02
1.809433700000000044e+03 2.351056025112853831e+01 5.399756168715909299e-02
1.812510999999999967e+03 2.395097575000920642e+01 5.399756168715909299e-02
1.815586600000000089e+03 1.783591664930602860e+01 5.399756168715909299e-02
1.818660499999999956e+03 1.827240583404056906e+01 5.399756168715909299e-02
1.821732600000000048e+03 1.215346607641026822e+01 5.434481646652192244e-02
1.824803100000000086e+03 -1.362787996857643691e+01 5.524313875350752440e-02
1.827871799999999894e+03 6.463390232554473869e+00 5.382641209121451914e-02
1.830938900000000103e+03 -1.932170091258421962e+01 5.542820841345545702e-02
1.834004200000000083e+03 2.697986887345157925e+01 5.417035432620166679e-02
1.837067900000000009e+03 1.191121799182951690e+00 5.434481646652192244e-02
1.840129799999999932e+03 8.168079999937560842e+00 5.434481646652192244e-02
1.843190100000000029e+03 -4.517234466403266424e+00 5.417035432620166679e-02
1.846248599999999897e+03 9.009700376361365670e+00 5.505991059119644260e-02
1.849305399999999963e+03 -3.679093515930617286e+00 5.434481646652192244e-02
1.852360599999999977e+03 -3.262594212002966287e+00 5.505991059119644260e-02
1.855414099999999962e+03 3.705720190676487391e+00 5.469885810310497198e-02
1.858465799999999945e+03 1.722587156173102585e+01 5.469885810310497198e-02
1.861515900000000101e+03 4.530381733726642324e+00 5.452097516665196236e-02
1.864564300000000003e+03 3.770777249804086750e+01 5.399756168715909299e-02
1.867611000000000104e+03 -7.758434399252607250e+00 5.505991059119644260e-02
1.870655999999999949e+03 5.755282738517252028e+00 5.452097516665196236e-02
1.873699299999999994e+03 -6.946554445464002470e+00 5.524313875350752440e-02
1.876740900000000011e+03 6.564075634436306927e+00 5.469885810310497198e-02
1.879780899999999974e+03 2.007319450224659363e+01 5.452097516665196236e-02
1.882819099999999935e+03 -5.740176383645618330e+00 5.524313875350752440e-02
1.885855700000000070e+03 -5.341015634514562294e+00 5.452097516665196236e-02
1.888890599999999949e+03 8.163698064697371137e+00 5.487849358864093502e-02
1.891923800000000028e+03 8.559985951388085823e+00 5.417035432620166679e-02
1.894955400000000054e+03 2.401369246853477080e+00 5.417035432620166679e-02
1.897985200000000077e+03 2.794869152324537254e+00 5.399756168715909299e-02
1.901013400000000047e+03 1.441770000000000209e+02 5.382641209121451914e-02
1.904039999999999964e+03 1.703909999999999911e+02 5.434481646652192244e-02
1.907064800000000105e+03 1.179629999999999939e+02 5.487849358864093502e-02
1.910087999999999965e+03 1.310699999999999932e+02 5.452097516665196236e-02
1.913109500000000025e+03 1.245164999999999935e+02 5.452097516665196236e-02
1.916129300000000057e+03 1.310699999999999932e+02 5.452097516665196236e-02
1.919147400000000061e+03 1.310699999999999932e+02 5.469885810310497198e-02
1.922163900000000012e+03 1.310699999999999932e+02 5.469885810310497198e-02
1.925178799999999910e+03 1.245164999999999935e+02 5.487849358864093502e-02
1.928191900000000032e+03 1.441770000000000209e+02 5.382641209121451914e-02
1.931203400000000101e+03 1.245164999999999935e+02 5.452097516665196236e-02
1.934213199999999915e+03 1.179629999999999939e+02 5.505991059119644260e-02
1.937221399999999903e+03 1.376234999999999786e+02 5.417035432620166679e-02
1.940227900000000091e+03 1.441770000000000209e+02 5.365687966352255395e-02
1.943232799999999997e+03 1.245164999999999935e+02 5.487849358864093502e-02
1.946236000000000104e+03 1.376234999999999786e+02 5.417035432620166679e-02
1.949237499999999955e+03 1.507305000000000064e+02 5.348893909614004655e-02
1.952237399999999980e+03 1.310699999999999932e+02 5.348893909614004655e-02
1.955235599999999977e+03 1.310699999999999932e+02 5.434481646652192244e-02
1.958232199999999921e+03 1.310699999999999932e+02 5.452097516665196236e-02
1.961227100000000064e+03 1.507305000000000064e+02 5.399756168715909299e-02
1.964220299999999952e+03 1.310699999999999932e+02 5.382641209121451914e-02
1.967211999999999989e+03 1.245164999999999935e+02 5.332256563215621165e-02
1.970201900000000023e+03 1.441770000000000209e+02 5.399756168715909299e-02
1.973190200000000004e+03 1.572839999999999918e+02 5.315773505036236468e-02
1.976176899999999932e+03 1.638375000000000057e+02 5.283260823864486394e-02
1.979161900000000060e+03 1.376234999999999786e+02 5.382641209121451914e-02
1.982145299999999907e+03 1.310699999999999932e+02 5.315773505036236468e-02
1.985127099999999928e+03 1.507305000000000064e+02 5.365687966352255395e-02
1.988107199999999921e+03 1.441770000000000209e+02 5.382641209121451914e-02
1.991085600000000113e+03 1.638375000000000057e+02 5.315773505036236468e-02
1.994062400000000025e+03 1.310699999999999932e+02 5.382641209121451914e-02
1.997037600000000111e+03 1.310699999999999932e+02 5.348893909614004655e-02
2.000011199999999917e+03 1.572839999999999918e+02 5.348893909614004655e-02
2.002983099999999922e+03 1.245164999999999935e+02 5.434481646652192244e-02
2.005953299999999899e+03 1.310699999999999932e+02 5.399756168715909299e-02
2.008922000000000025e+03 1.245164999999999935e+02 5.417035432620166679e-02
2.011888999999999896e+03 1.310699999999999932e+02 5.382641209121451914e-02
2.014854299999999967e+03 1.441770000000000209e+02 5.365687966352255395e-02
2.017818099999999959e+03 1.376234999999999786e+02 5.315773505036236468e-02
2.020780199999999923e+03 1.310699999999999932e+02 5.332256563215621165e-02
2.023740700000000061e+03 1.441770000000000209e+02 5.315773505036236468e-02
2.026699499999999944e+03 1.507305000000000064e+02 5.365687966352255395e-02
2.029656799999999976e+03 1.114094999999999942e+02 5.434481646652192244e-02
2.032612399999999980e+03 1.441770000000000209e+02 5.348893909614004655e-02
2.035566399999999931e+03 1.310699999999999932e+02 5.365687966352255395e-02
2.038518700000000081e+03 1.310699999999999932e+02 5.365687966352255395e-02
2.041469499999999925e+03 1.310699999999999932e+02 5.365687966352255395e-02
2.044418599999999969e+03 1.114094999999999942e+02 5.399756168715909299e-02
2.047366099999999960e+03 1.179629999999999939e+02 5.348893909614004655e-02
2.050311999999999898e+03 1.507305000000000064e+02 5.267226611397279878e-02
2.053256199999999808e+03 1.048560000000000088e+02 5.452097516665196236e-02
2.056198899999999867e+03 1.703909999999999911e+02 5.283260823864486394e-02
2.059139900000000125e+03 1.376234999999999786e+02 5.332256563215621165e-02
2.062079299999999876e+03 1.310699999999999932e+02 5.299442365043973563e-02
2.065017199999999775e+03 1.310699999999999932e+02 5.365687966352255395e-02
2.067953399999999874e+03 1.376234999999999786e+02 5.299442365043973563e-02
2.070887999999999920e+03 1.376234999999999786e+02 5.365687966352255395e-02
2.073820900000000165e+03 1.507305000000000064e+02 5.332256563215621165e-02
2.076752300000000105e+03 1.507305000000000064e+02 5.299442365043973563e-02
2.079682099999999991e+03 1.179629999999999939e+02 5.399756168715909299e-02
2.082610200000000077e+03 1.310699999999999932e+02 5.283260823864486394e-02
2.085536799999999857e+03 1.507305000000000064e+02 5.204519297533252709e-02
2.088461800000000039e+03 1.114094999999999942e+02 5.382641209121451914e-02
2.091385099999999966e+03 1.769445000000000050e+02 5.235591330584518643e-02
2.094306900000000041e+03 1.245164999999999935e+02 5.348893909614004655e-02
2.097226999999999862e+03 1.638375000000000057e+02 4.808298050922980155e-02
2.100145599999999831e+03 1.376234999999999786e+02 5.219985956586272596e-02
2.103062500000000000e+03 1.245164999999999935e+02 5.267226611397279878e-02
2.105977899999999863e+03 1.245164999999999935e+02 5.332256563215621165e-02
2.108891700000000128e+03 1.376234999999999786e+02 5.235591330584518643e-02
2.111803800000000138e+03 1.441770000000000209e+02 5.251337505477943896e-02
2.114714399999999841e+03 1.310699999999999932e+02 5.299442365043973563e-02
2.117623399999999947e+03 1.376234999999999786e+02 5.267226611397279878e-02
2.120530799999999999e+03 1.507305000000000064e+02 5.251337505477943896e-02
2.123436599999999999e+03 1.245164999999999935e+02 5.299442365043973563e-02
2.126340799999999945e+03 1.572839999999999918e+02 5.204519297533252709e-02
2.129243500000000040e+03 1.507305000000000064e+02 5.219985956586272596e-02
2.132144499999999880e+03 1.310699999999999932e+02 5.315773505036236468e-02
2.135043999999999869e+03 1.441770000000000209e+02 5.235591330584518643e-02
2.137941899999999805e+03 1.179629999999999939e+02 5.251337505477943896e-02
2.140838099999999940e+03 1.507305000000000064e+02 5.283260823864486394e-02
2.143732899999999972e+03 1.245164999999999935e+02 5.299442365043973563e-02
2.146626000000000204e+03 1.376234999999999786e+02 5.235591330584518643e-02
2.149517499999999927e+03 1.376234999999999786e+02 5.251337505477943896e-02
2.152407499999999800e+03 1.376234999999999786e+02 5.267226611397279878e-02
2.155295900000000074e+03 1.376234999999999786e+02 5.219985956586272596e-02
2.158182699999999841e+03 1.245164999999999935e+02 5.299442365043973563e-02
2.161068000000000211e+03 1.310699999999999932e+02 5.235591330584518643e-02
2.163951599999999871e+03 1.310699999999999932e+02 5.204519297533252709e-02
2.166833700000000135e+03 1.245164999999999935e+02 5.283260823864486394e-02
2.169714300000000094e+03 1.441770000000000209e+02 5.204519297533252709e-02
2.172593199999999797e+03 1.376234999999999786e+02 5.204519297533252709e-02
2.175470600000000104e+03 1.507305000000000064e+02 5.158931388924774264e-02
2.178346399999999903e+03 1.507305000000000064e+02 5.129196666397189269e-02
2.181220699999999852e+03 1.376234999999999786e+02 5.189189310485069206e-02
2.184093299999999999e+03 1.310699999999999932e+02 5.267226611397279878e-02
2.186964500000000044e+03 1.376234999999999786e+02 5.173993994377396738e-02
2.189833999999999833e+03 1.376234999999999786e+02 5.219985956586272596e-02
2.192702000000000226e+03 1.310699999999999932e+02 5.251337505477943896e-02
2.195568400000000111e+03 1.245164999999999935e+02 5.267226611397279878e-02
2.198433300000000145e+03 1.179629999999999939e+02 5.219985956586272596e-02
2.201296600000000126e+03 1.179629999999999939e+02 5.283260823864486394e-02
2.204158300000000054e+03 1.179629999999999939e+02 5.189189310485069206e-02
2.207018500000000131e+03 1.507305000000000064e+02 5.204519297533252709e-02
2.209877199999999903e+03 1.310699999999999932e+02 5.267226611397279878e-02
2.212734199999999873e+03 1.441770000000000209e+02 5.251337505477943896e-02
2.215589800000000196e+03 1.376234999999999786e+02 5.251337505477943896e-02
2.218443699999999808e+03 1.245164999999999935e+02 5.204519297533252709e-02
2.221296200000000226e+03 1.114094999999999942e+02 5.071237781339148210e-02
2.224146999999999935e+03 1.310699999999999932e+02 5.173993994377396738e-02
2.226996299999999792e+03 1.114094999999999942e+02 5.332256563215621165e-02
2.229844099999999798e+03 1.310699999999999932e+02 5.267226611397279878e-02
2.232690300000000207e+03 1.179629999999999939e+02 5.251337505477943896e-02
2.235534999999999854e+03 1.572839999999999918e+02 5.173993994377396738e-02
2.238378099999999904e+03 1.376234999999999786e+02 5.219985956586272596e-02
2.241219700000000103e+03 1.507305000000000064e+02 5.173993994377396738e-02
2.244059699999999793e+03 1.179629999999999939e+02 5.158931388924774264e-02
2.246898200000000088e+03 1.114094999999999942e+02 5.189189310485069206e-02
2.249735200000000077e+03 1.245164999999999935e+02 5.251337505477943896e-02
2.252570600000000013e+03 1.441770000000000209e+02 5.173993994377396738e-02
2.255404500000000098e+03 1.310699999999999932e+02 5.204519297533252709e-02
2.258236800000000130e+03 1.441770000000000209e+02 5.158931388924774264e-02
2.261067599999999857e+03 1.310699999999999932e+02 5.143999573558338118e-02
2.263896799999999985e+03 1.441770000000000209e+02 5.143999573558338118e-02
2.266724600000000009e+03 1.048560000000000088e+02 5.219985956586272596e-02
2.269550799999999981e+03 1.310699999999999932e+02 5.204519297533252709e-02
2.272375399999999900e+03 1.441770000000000209e+02 5.114520823252122900e-02
2.275198499999999967e+03 1.507305000000000064e+02 5.129196666397189269e-02
2.278020100000000184e+03 1.572839999999999918e+02 5.129196666397189269e-02
2.280840200000000095e+03 1.310699999999999932e+02 5.173993994377396738e-02
2.283658699999999953e+03 1.376234999999999786e+02 5.143999573558338118e-02
2.286475699999999961e+03 1.310699999999999932e+02 5.204519297533252709e-02
2.289291200000000117e+03 1.507305000000000064e+02 5.143999573558338118e-02
2.292105199999999968e+03 1.245164999999999935e+02 5.189189310485069206e-02
2.294917600000000220e+03 1.245164999999999935e+02 5.189189310485069206e-02
2.297728500000000167e+03 1.179629999999999939e+02 5.189189310485069206e-02
2.300537899999999809e+03 1.376234999999999786e+02 5.158931388924774264e-02
2.303345699999999852e+03 1.245164999999999935e+02 5.173993994377396738e-02
2.306152099999999791e+03 1.310699999999999932e+02 5.143999573558338118e-02
2.308956900000000132e+03 1.376234999999999786e+02 5.114520823252122900e-02
2.311760200000000168e+03 1.048560000000000088e+02 5.114520823252122900e-02
2.314561999999999898e+03 1.376234999999999786e+02 5.143999573558338118e-02
2.317362200000000030e+03 1.310699999999999932e+02 5.129196666397189269e-02
2.320161000000000058e+03 1.441770000000000209e+02 5.158931388924774264e-02
2.322958200000000033e+03 1.376234999999999786e+02 5.143999573558338118e-02
2.325753999999999905e+03 1.376234999999999786e+02 5.071237781339148210e-02
2.328548200000000179e+03 1.507305000000000064e+02 5.071237781339148210e-02
2.331340900000000147e+03 1.245164999999999935e+02 5.129196666397189269e-02
2.334132099999999809e+03 1.048560000000000088e+02 5.158931388924774264e-02
2.336921800000000076e+03 1.441770000000000209e+02 5.129196666397189269e-02
2.339709899999999834e+03 1.507305000000000064e+02 5.042985540447315201e-02
2.342496599999999944e+03 1.245164999999999935e+02 5.099970236660547607e-02
2.345281800000000203e+03 1.441770000000000209e+02 5.099970236660547607e-02
2.348065399999999954e+03 1.638375000000000057e+02 5.085543134951424349e-02
2.350847600000000057e+03 1.507305000000000064e+02 5.085543134951424349e-02
2.353628200000000106e+03 1.376234999999999786e+02 5.143999573558338118e-02
2.356407400000000052e+03 1.114094999999999942e+02 5.204519297533252709e-02
2.359184999999999945e+03 1.441770000000000209e+02 5.143999573558338118e-02
2.361961099999999988e+03 1.310699999999999932e+02 5.071237781339148210e-02
2.364735799999999927e+03 1.245164999999999935e+02 5.204519297533252709e-02
2.367508899999999812e+03 1.310699999999999932e+02 5.158931388924774264e-02
2.370280600000000049e+03 1.179629999999999939e+02 5.173993994377396738e-02
2.373050799999999981e+03 1.310699999999999932e+02 5.158931388924774264e-02
2.375819399999999860e+03 1.245164999999999935e+02 5.204519297533252709e-02
2.378586600000000089e+03 1.572839999999999918e+02 5.071237781339148210e-02
2.381352300000000014e+03 1.179629999999999939e+02 5.099970236660547607e-02
2.384116399999999885e+03 1.441770000000000209e+02 5.143999573558338118e-02
2.386879100000000108e+03 9.174899999999999523e+01 5.173993994377396738e-02
2.389640300000000025e+03 1.114094999999999942e+02 5.158931388924774264e-02
2.392400099999999838e+03 1.507305000000000064e+02 5.114520823252122900e-02
2.395158300000000054e+03 1.245164999999999935e+02 5.099970236660547607e-02
2.397914999999999964e+03 1.310699999999999932e+02 5.143999573558338118e-02
2.400670300000000225e+03 1.638375000000000057e+02 5.071237781339148210e-02
2.403424100000000180e+03 1.376234999999999786e+02 5.057052473045308555e-02
2.406176300000000083e+03 1.114094999999999942e+02 5.173993994377396738e-02
2.408927099999999882e+03 1.376234999999999786e+02 5.114520823252122900e-02
2.411676500000000033e+03 1.114094999999999942e+02 5.099970236660547607e-02
2.414424300000000130e+03 1.114094999999999942e+02 5.158931388924774264e-02
2.417170700000000124e+03 1.638375000000000057e+02 5.029035346252943434e-02
2.419915599999999813e+03 1.441770000000000209e+02 5.042985540447315201e-02
2.422659000000000106e+03 1.310699999999999932e+02 5.099970236660547607e-02
2.425400900000000092e+03 1.245164999999999935e+02 5.042985540447315201e-02
2.428141399999999976e+03 1.310699999999999932e+02 4.987869289482389085e-02
2.430880299999999806e+03 1.179629999999999939e+02 5.158931388924774264e-02
2.433617799999999988e+03 1.310699999999999932e+02 5.099970236660547607e-02
2.436353900000000067e+03 1.441770000000000209e+02 5.057052473045308555e-02
2.439088400000000092e+03 1.507305000000000064e+02 5.071237781339148210e-02
2.441821500000000015e+03 1.245164999999999935e+02 5.114520823252122900e-02
2.444553199999999833e+03 1.310699999999999932e+02 5.099970236660547607e-02
2.447283300000000054e+03 1.245164999999999935e+02 5.057052473045308555e-02
2.450012000000000171e+03 1.048560000000000088e+02 5.057052473045308555e-02
2.452739199999999983e+03 1.441770000000000209e+02 5.029035346252943434e-02
2.455465000000000146e+03 1.507305000000000064e+02 5.042985540447315201e-02
2.458189300000000003e+03 1.376234999999999786e+02 5.085543134951424349e-02
2.460912100000000009e+03 1.441770000000000209e+02 5.029035346252943434e-02
2.463633499999999913e+03 1.441770000000000209e+02 5.057052473045308555e-02
2.466353399999999965e+03 1.572839999999999918e+02 5.029035346252943434e-02
2.469071800000000167e+03 1.376234999999999786e+02 5.057052473045308555e-02
2.471788799999999810e+03 1.245164999999999935e+02 5.071237781339148210e-02
2.474504300000000057e+03 1.376234999999999786e+02 5.029035346252943434e-02
2.477218400000000202e+03 1.441770000000000209e+02 5.057052473045308555e-02
2.479931000000000040e+03 1.179629999999999939e+02 5.085543134951424349e-02
2.482642100000000028e+03 1.441770000000000209e+02 5.015200284699847938e-02
2.485351799999999912e+03 1.310699999999999932e+02 5.071237781339148210e-02
2.488060100000000148e+03 1.572839999999999918e+02 5.042985540447315201e-02
2.490766900000000078e+03 1.441770000000000209e+02 5.071237781339148210e-02
2.493472200000000157e+03 1.245164999999999935e+02 5.071237781339148210e-02
2.496176100000000133e+03 1.310699999999999932e+02 5.071237781339148210e-02
2.498878499999999804e+03 1.441770000000000209e+02 5.099970236660547607e-02
2.501579499999999825e+03 1.179629999999999939e+02 5.099970236660547607e-02
2.504279100000000199e+03 9.830250000000000909e+01 5.114520823252122900e-02
2.506977199999999812e+03 1.048560000000000088e+02 5.143999573558338118e-02
2.509673800000000028e+03 1.376234999999999786e+02 5.057052473045308555e-02
2.512369000000000142e+03 1.572839999999999918e+02 5.029035346252943434e-02
2.515062800000000152e+03 1.507305000000000064e+02 5.001478780779170658e-02
2.517755099999999857e+03 1.114094999999999942e+02 5.129196666397189269e-02
2.520445999999999913e+03 1.179629999999999939e+02 5.085543134951424349e-02
2.523135400000000118e+03 1.376234999999999786e+02 5.085543134951424349e-02
2.525823400000000220e+03 1.245164999999999935e+02 5.129196666397189269e-02
2.528510000000000218e+03 1.638375000000000057e+02 5.029035346252943434e-02
2.531195099999999911e+03 1.376234999999999786e+02 5.001478780779170658e-02
2.533878799999999956e+03 1.310699999999999932e+02 5.015200284699847938e-02
2.536561000000000149e+03 1.179629999999999939e+02 5.071237781339148210e-02
2.539241799999999785e+03 1.179629999999999939e+02 5.114520823252122900e-02
2.541921200000000226e+03 1.179629999999999939e+02 5.057052473045308555e-02
2.544599099999999908e+03 1.245164999999999935e+02 5.015200284699847938e-02
2.547275700000000143e+03 1.310699999999999932e+02 4.987869289482389085e-02
2.549950699999999870e+03 1.507305000000000064e+02 5.015200284699847938e-02
2.552624400000000151e+03 1.572839999999999918e+02 4.974370295070591058e-02
2.555296600000000126e+03 1.376234999999999786e+02 5.042985540447315201e-02
2.557967399999999998e+03 1.441770000000000209e+02 5.015200284699847938e-02
2.560636800000000221e+03 1.114094999999999942e+02 5.129196666397189269e-02
2.563304700000000139e+03 1.114094999999999942e+02 5.129196666397189269e-02
2.565971199999999953e+03 1.572839999999999918e+02 5.071237781339148210e-02
2.568636300000000119e+03 1.310699999999999932e+02 5.114520823252122900e-02
2.571300000000000182e+03 1.572839999999999918e+02 5.057052473045308555e-02
2.573962199999999939e+03 1.245164999999999935e+02 5.099970236660547607e-02
2.576623000000000047e+03 1.048560000000000088e+02 5.173993994377396738e-02
2.579282400000000052e+03 1.507305000000000064e+02 4.987869289482389085e-02
2.581940399999999954e+03 1.114094999999999942e+02 5.114520823252122900e-02
2.584596900000000005e+03 1.507305000000000064e+02 5.085543134951424349e-02
2.587252100000000155e+03 1.245164999999999935e+02 5.114520823252122900e-02
2.589905799999999999e+03 1.114094999999999942e+02 5.158931388924774264e-02
2.592558100000000195e+03 1.507305000000000064e+02 5.042985540447315201e-02
2.595208999999999833e+03 1.376234999999999786e+02 5.099970236660547607e-02
2.597858499999999822e+03 1.376234999999999786e+02 5.057052473045308555e-02
2.600506499999999960e+03 1.310699999999999932e+02 5.057052473045308555e-02
2.603153200000000197e+03 1.441770000000000209e+02 5.042985540447315201e-02
2.605798400000000129e+03 1.179629999999999939e+02 5.143999573558338118e-02
2.608442300000000159e+03 1.507305000000000064e+02 5.057052473045308555e-02
2.611084699999999884e+03 1.376234999999999786e+02 5.071237781339148210e-02
2.613725699999999961e+03 1.507305000000000064e+02 5.015200284699847938e-02
2.616365299999999934e+03 1.572839999999999918e+02 5.015200284699847938e-02
2.619003499999999804e+03 1.310699999999999932e+02 5.099970236660547607e-02
2.621640300000000025e+03 1.572839999999999918e+02 5.029035346252943434e-02
2.624275700000000143e+03 1.310699999999999932e+02 5.071237781339148210e-02
2.626909700000000157e+03 1.376234999999999786e+02 5.085543134951424349e-02
2.629542199999999866e+03 1.245164999999999935e+02 5.085543134951424349e-02
2.632173400000000129e+03 1.376234999999999786e+02 5.099970236660547607e-02
2.634803199999999833e+03 1.507305000000000064e+02 5.071237781339148210e-02
2.637431599999999889e+03 1.310699999999999932e+02 4.960980310365376011e-02
2.640058599999999842e+03 1.114094999999999942e+02 5.173993994377396738e-02
2.642684099999999944e+03 1.310699999999999932e+02 5.129196666397189269e-02
2.645308300000000145e+03 1.245164999999999935e+02 5.129196666397189269e-02
2.647931099999999788e+03 1.114094999999999942e+02 5.173993994377396738e-02
2.650552499999999782e+03 1.376234999999999786e+02 5.129196666397189269e-02
2.653172500000000127e+03 1.310699999999999932e+02 5.204519297533252709e-02
2.655791099999999915e+03 1.179629999999999939e+02 5.204519297533252709e-02
2.658408300000000054e+03 1.572839999999999918e+02 5.114520823252122900e-02
2.661024100000000089e+03 1.114094999999999942e+02 5.235591330584518643e-02
2.663638500000000022e+03 1.245164999999999935e+02 5.189189310485069206e-02
2.666251600000000053e+03 1.245164999999999935e+02 5.219985956586272596e-02
2.668863199999999779e+03 1.507305000000000064e+02 5.143999573558338118e-02
2.671473500000000058e+03 8.519549999999999557e+01 5.299442365043973563e-02
2.674082399999999780e+03 1.245164999999999935e+02 5.219985956586272596e-02
2.676689800000000105e+03 1.179629999999999939e+02 5.235591330584518643e-02
2.679295999999999822e+03 1.245164999999999935e+02 5.235591330584518643e-02
2.681900700000000143e+03 1.245164999999999935e+02 5.251337505477943896e-02
2.684503999999999905e+03 1.179629999999999939e+02 5.189189310485069206e-02
2.687105900000000020e+03 1.245164999999999935e+02 5.189189310485069206e-02
2.689706499999999778e+03 1.179629999999999939e+02 5.219985956586272596e-02
2.692305699999999888e+03 1.179629999999999939e+02 5.204519297533252709e-02
2.694903499999999894e+03 1.179629999999999939e+02 5.071237781339148210e-02
2.697499899999999798e+03 1.376234999999999786e+02 5.158931388924774264e-02
2.700094999999999800e+03 1.507305000000000064e+02 5.173993994377396738e-02
2.702688700000000154e+03 1.245164999999999935e+02 5.143999573558338118e-02
2.705280999999999949e+03 1.245164999999999935e+02 5.219985956586272596e-02
2.707871900000000096e+03 1.048560000000000088e+02 5.267226611397279878e-02
2.710461400000000140e+03 1.376234999999999786e+02 5.158931388924774264e-02
2.713049599999999828e+03 1.114094999999999942e+02 5.251337505477943896e-02
2.715636399999999867e+03 1.245164999999999935e+02 5.189189310485069206e-02
2.718221799999999803e+03 9.174899999999999523e+01 5.251337505477943896e-02
2.720805899999999838e+03 1.048560000000000088e+02 5.283260823864486394e-02
2.723388600000000224e+03 1.179629999999999939e+02 5.219985956586272596e-02
2.725969900000000052e+03 1.245164999999999935e+02 5.267226611397279878e-02
2.728549899999999980e+03 9.830250000000000909e+01 5.251337505477943896e-02
2.731128400000000056e+03 1.048560000000000088e+02 5.267226611397279878e-02
2.733705699999999979e+03 1.114094999999999942e+02 5.299442365043973563e-02
2.736281500000000051e+03 1.245164999999999935e+02 5.283260823864486394e-02
2.738856000000000222e+03 1.179629999999999939e+02 5.235591330584518643e-02
2.741429099999999835e+03 1.048560000000000088e+02 5.315773505036236468e-02
2.744000900000000001e+03 1.245164999999999935e+02 5.267226611397279878e-02
2.746571300000000065e+03 9.174899999999999523e+01 5.267226611397279878e-02
2.749140300000000025e+03 9.830250000000000909e+01 5.315773505036236468e-02
2.751708000000000084e+03 9.830250000000000909e+01 5.315773505036236468e-02
2.754274300000000039e+03 1.310699999999999932e+02 5.235591330584518643e-02
2.756839300000000094e+03 1.114094999999999942e+02 5.283260823864486394e-02
2.759402900000000045e+03 9.830250000000000909e+01 5.299442365043973563e-02
2.761965200000000095e+03 1.179629999999999939e+02 5.129196666397189269e-02
2.764525999999999840e+03 9.174899999999999523e+01 5.299442365043973563e-02
2.767085599999999886e+03 1.179629999999999939e+02 5.251337505477943896e-02
2.769643799999999828e+03 1.114094999999999942e+02 5.267226611397279878e-02
2.772200600000000122e+03 1.179629999999999939e+02 5.235591330584518643e-02
2.774756100000000060e+03 1.114094999999999942e+02 5.251337505477943896e-02
2.777310199999999895e+03 1.048560000000000088e+02 5.235591330584518643e-02
2.779862999999999829e+03 1.114094999999999942e+02 5.173993994377396738e-02
2.782414400000000114e+03 1.114094999999999942e+02 5.204519297533252709e-02
2.784964500000000044e+03 1.245164999999999935e+02 5.235591330584518643e-02
2.787513199999999870e+03 9.830250000000000909e+01 5.251337505477943896e-02
2.790060599999999795e+03 1.048560000000000088e+02 5.235591330584518643e-02
2.792606699999999819e+03 9.830250000000000909e+01 5.299442365043973563e-02
2.795151400000000194e+03 1.179629999999999939e+02 5.267226611397279878e-02
2.797694700000000012e+03 9.830250000000000909e+01 5.235591330584518643e-02
2.800236699999999928e+03 9.830250000000000909e+01 5.365687966352255395e-02
2.802777399999999943e+03 8.519549999999999557e+01 5.315773505036236468e-02
2.805316699999999855e+03 9.174899999999999523e+01 5.315773505036236468e-02
2.807854699999999866e+03 1.245164999999999935e+02 5.299442365043973563e-02
2.810391299999999774e+03 7.864199999999999591e+01 5.315773505036236468e-02
2.812926599999999780e+03 1.245164999999999935e+02 5.267226611397279878e-02
2.815460599999999886e+03 7.864199999999999591e+01 5.382641209121451914e-02
2.817993199999999888e+03 1.048560000000000088e+02 5.042985540447315201e-02
2.820524499999999989e+03 1.179629999999999939e+02 5.315773505036236468e-02
2.823054500000000189e+03 9.174899999999999523e+01 5.365687966352255395e-02
2.825583099999999831e+03 1.114094999999999942e+02 5.283260823864486394e-02
2.828110400000000027e+03 9.830250000000000909e+01 5.283260823864486394e-02
2.830636399999999867e+03 9.830250000000000909e+01 5.299442365043973563e-02
2.833161000000000058e+03 1.048560000000000088e+02 5.299442365043973563e-02
2.835684299999999894e+03 1.179629999999999939e+02 5.299442365043973563e-02
2.838206299999999828e+03 9.830250000000000909e+01 5.332256563215621165e-02
2.840726900000000114e+03 1.048560000000000088e+02 5.189189310485069206e-02
2.843246200000000044e+03 1.114094999999999942e+02 5.283260823864486394e-02
2.845764200000000073e+03 1.114094999999999942e+02 5.299442365043973563e-02
2.848280900000000202e+03 1.179629999999999939e+02 5.251337505477943896e-02
2.850796200000000226e+03 9.174899999999999523e+01 5.267226611397279878e-02
2.853310199999999895e+03 1.114094999999999942e+02 5.283260823864486394e-02
2.855822900000000118e+03 9.174899999999999523e+01 5.283260823864486394e-02
2.858334199999999782e+03 1.048560000000000088e+02 5.283260823864486394e-02
2.860844300000000203e+03 9.830250000000000909e+01 5.283260823864486394e-02
2.863353000000000065e+03 1.114094999999999942e+02 5.267226611397279878e-02
2.865860400000000027e+03 7.864199999999999591e+01 5.315773505036236468e-02
2.868366399999999885e+03 9.174899999999999523e+01 5.251337505477943896e-02
2.870871200000000044e+03 1.048560000000000088e+02 5.251337505477943896e-02
2.873374600000000100e+03 1.245164999999999935e+02 5.251337505477943896e-02
2.875876699999999801e+03 1.114094999999999942e+02 5.283260823864486394e-02
2.878377500000000055e+03 1.114094999999999942e+02 5.189189310485069206e-02
2.880876999999999953e+03 9.830250000000000909e+01 5.283260823864486394e-02
2.883375199999999950e+03 9.830250000000000909e+01 5.299442365043973563e-02
2.885872100000000046e+03 8.519549999999999557e+01 5.315773505036236468e-02
2.888367600000000039e+03 8.519549999999999557e+01 5.348893909614004655e-02
2.890861800000000130e+03 9.174899999999999523e+01 5.332256563215621165e-02
2.893354800000000068e+03 1.179629999999999939e+02 5.299442365043973563e-02
2.895846399999999903e+03 1.179629999999999939e+02 5.251337505477943896e-02
2.898336699999999837e+03 1.245164999999999935e+02 5.299442365043973563e-02
2.900825699999999870e+03 9.830250000000000909e+01 5.332256563215621165e-02
2.903313400000000001e+03 7.864199999999999591e+01 5.365687966352255395e-02
2.905799700000000030e+03 9.830250000000000909e+01 5.267226611397279878e-02
2.908284799999999905e+03 9.830250000000000909e+01 5.251337505477943896e-02
2.910768599999999878e+03 6.553499999999999659e+01 5.365687966352255395e-02
2.913251000000000204e+03 9.830250000000000909e+01 5.267226611397279878e-02
2.915732199999999921e+03 1.179629999999999939e+02 5.251337505477943896e-02
2.918212100000000191e+03 9.174899999999999523e+01 5.299442365043973563e-02
2.920690599999999904e+03 1.048560000000000088e+02 5.267226611397279878e-02
2.923167899999999918e+03 1.179629999999999939e+02 5.204519297533252709e-02
2.925643799999999828e+03 1.114094999999999942e+02 5.204519297533252709e-02
2.928118500000000040e+03 8.519549999999999557e+01 5.251337505477943896e-02
2.930591800000000148e+03 1.048560000000000088e+02 5.204519297533252709e-02
2.933063900000000103e+03 1.114094999999999942e+02 5.219985956586272596e-02
2.935534700000000157e+03 1.048560000000000088e+02 5.235591330584518643e-02
2.938004100000000108e+03 9.830250000000000909e+01 5.299442365043973563e-02
2.940472299999999905e+03 1.179629999999999939e+02 5.219985956586272596e-02
2.942939199999999801e+03 1.376234999999999786e+02 5.189189310485069206e-02
2.945404700000000048e+03 1.048560000000000088e+02 5.315773505036236468e-02
2.947869000000000142e+03 9.174899999999999523e+01 5.332256563215621165e-02
2.950331999999999880e+03 9.174899999999999523e+01 5.348893909614004655e-02
2.952793700000000172e+03 8.519549999999999557e+01 5.348893909614004655e-02
2.955254199999999855e+03 8.519549999999999557e+01 5.382641209121451914e-02
2.957713299999999890e+03 9.174899999999999523e+01 5.315773505036236468e-02
2.960171100000000024e+03 9.830250000000000909e+01 5.382641209121451914e-02
2.962627700000000004e+03 7.208850000000001046e+01 5.434481646652192244e-02
2.965082899999999881e+03 3.932099999999999795e+01 5.524313875350752440e-02
2.967536900000000060e+03 8.519549999999999557e+01 5.399756168715909299e-02
2.969989599999999882e+03 1.179629999999999939e+02 5.348893909614004655e-02
2.972440999999999804e+03 8.519549999999999557e+01 5.348893909614004655e-02
2.974891099999999824e+03 1.179629999999999939e+02 5.299442365043973563e-02
2.977340000000000146e+03 6.553499999999999659e+01 5.469885810310497198e-02
2.979787499999999909e+03 8.519549999999999557e+01 5.365687966352255395e-02
2.982233799999999974e+03 8.519549999999999557e+01 5.382641209121451914e-02
2.984678800000000138e+03 1.048560000000000088e+02 5.299442365043973563e-02
2.987122499999999945e+03 7.864199999999999591e+01 5.382641209121451914e-02
2.989565000000000055e+03 9.830250000000000909e+01 5.365687966352255395e-02
2.992006100000000060e+03 9.830250000000000909e+01 5.382641209121451914e-02
2.994445999999999913e+03 8.519549999999999557e+01 5.365687966352255395e-02
2.996884599999999864e+03 7.864199999999999591e+01 5.399756168715909299e-02
2.999322000000000116e+03 7.208850000000001046e+01 5.434481646652192244e-02
3.001757999999999811e+03 7.864199999999999591e+01 5.434481646652192244e-02
3.004192799999999806e+03 5.242800000000000438e+01 5.399756168715909299e-02
3.006626299999999901e+03 9.830250000000000909e+01 5.365687966352255395e-02
3.009058500000000095e+03 7.864199999999999591e+01 5.469885810310497198e-02
3.011489500000000135e+03 8.519549999999999557e+01 5.452097516665196236e-02
3.013919199999999819e+03 8.519549999999999557e+01 5.417035432620166679e-02
3.016347600000000057e+03 7.208850000000001046e+01 5.487849358864093502e-02
3.018774800000000141e+03 7.864199999999999591e+01 5.505991059119644260e-02
3.021200699999999870e+03 7.864199999999999591e+01 5.505991059119644260e-02
3.023625300000000152e+03 8.519549999999999557e+01 5.452097516665196236e-02
3.026048699999999826e+03 7.864199999999999591e+01 5.542820841345545702e-02
3.028470800000000054e+03 6.553499999999999659e+01 5.542820841345545702e-02
3.030891599999999926e+03 9.174899999999999523e+01 5.505991059119644260e-02
3.033311200000000099e+03 7.208850000000001046e+01 5.542820841345545702e-02
3.035729499999999916e+03 7.864199999999999591e+01 5.542820841345545702e-02
3.038146499999999833e+03 8.519549999999999557e+01 5.505991059119644260e-02
3.040562300000000050e+03 7.208850000000001046e+01 5.469885810310497198e-02
3.042976799999999912e+03 6.553499999999999659e+01 5.487849358864093502e-02
3.045389999999999873e+03 4.587449999999999761e+01 5.599478063378132003e-02
3.047802000000000135e+03 7.864199999999999591e+01 5.487849358864093502e-02
3.050212799999999788e+03 8.519549999999999557e+01 5.487849358864093502e-02
3.052622199999999793e+03 9.174899999999999523e+01 5.417035432620166679e-02
3.055030499999999847e+03 7.864199999999999591e+01 5.469885810310497198e-02
3.057437399999999798e+03 5.898149999999999693e+01 5.599478063378132003e-02
3.059843199999999797e+03 8.519549999999999557e+01 5.434481646652192244e-02
3.062247600000000148e+03 6.553499999999999659e+01 5.657908982036868178e-02
3.064650799999999890e+03 9.174899999999999523e+01 5.542820841345545702e-02
3.067052799999999934e+03 3.932099999999999795e+01 5.718208116564967719e-02
3.069453500000000076e+03 8.519549999999999557e+01 5.657908982036868178e-02
3.071852899999999863e+03 6.553499999999999659e+01 5.618753432132081449e-02
3.074251099999999951e+03 8.519549999999999557e+01 5.657908982036868178e-02
3.076648000000000138e+03 7.208850000000001046e+01 5.657908982036868178e-02
3.079043700000000172e+03 5.242800000000000438e+01 5.638229238994357101e-02
3.081438200000000052e+03 7.208850000000001046e+01 5.697894702039017073e-02
3.083831400000000031e+03 5.242800000000000438e+01 5.738740348215528447e-02
3.086223399999999856e+03 6.553499999999999659e+01 5.677796245400869302e-02
3.088614099999999780e+03 5.242800000000000438e+01 5.718208116564967719e-02
3.091003499999999804e+03 5.898149999999999693e+01 5.738740348215528447e-02
3.093391799999999876e+03 5.898149999999999693e+01 5.738740348215528447e-02
3.095778699999999844e+03 8.519549999999999557e+01 5.599478063378132003e-02
3.098164499999999862e+03 7.864199999999999591e+01 5.738740348215528447e-02
3.100548999999999978e+03 7.864199999999999591e+01 5.718208116564967719e-02
3.102932200000000194e+03 7.864199999999999591e+01 5.780477191556847999e-02
3.105314199999999801e+03 5.898149999999999693e+01 5.888938377990093898e-02
3.107695000000000164e+03 5.242800000000000438e+01 5.934065002501642816e-02
3.110074500000000171e+03 5.242800000000000438e+01 5.888938377990093898e-02
3.112452800000000025e+03 5.242800000000000438e+01 5.980245193165763945e-02
3.114829900000000180e+03 8.519549999999999557e+01 5.823138118593296220e-02
3.117205699999999979e+03 7.864199999999999591e+01 5.780477191556847999e-02
3.119580300000000079e+03 7.864199999999999591e+01 5.844825858908214017e-02
3.121953700000000026e+03 3.276749999999999829e+01 6.027520594402300397e-02
3.124325800000000072e+03 3.276749999999999829e+01 5.934065002501642816e-02
3.126696699999999964e+03 5.242800000000000438e+01 5.980245193165763945e-02
3.129066299999999956e+03 4.587449999999999761e+01 6.027520594402300397e-02
3.131434699999999793e+03 5.242800000000000438e+01 6.125535486133146940e-02
3.133801899999999932e+03 6.553499999999999659e+01 6.027520594402300397e-02
3.136167899999999918e+03 4.587449999999999761e+01 6.100584117714331206e-02
3.138532600000000002e+03 3.932099999999999795e+01 6.075935192194648060e-02
3.140896099999999933e+03 4.587449999999999761e+01 6.125535486133146940e-02
3.143258400000000165e+03 7.208850000000001046e+01 6.051582648536778936e-02
3.145619400000000041e+03 7.864199999999999591e+01 5.888938377990093898e-02
3.147979299999999967e+03 4.587449999999999761e+01 6.100584117714331206e-02
3.150337899999999991e+03 5.242800000000000438e+01 6.150795533448388808e-02
3.152695200000000114e+03 3.932099999999999795e+01 6.281957311528793553e-02
3.155051399999999830e+03 3.932099999999999795e+01 6.255053730465987005e-02
3.157406300000000101e+03 4.587449999999999761e+01 6.202267523143970701e-02
3.159760000000000218e+03 3.276749999999999829e+01 6.281957311528793553e-02
3.162112500000000182e+03 2.621400000000000219e+01 6.336822609224598835e-02
3.164463799999999992e+03 3.932099999999999795e+01 6.364799887023071812e-02
3.166813799999999901e+03 5.242800000000000438e+01 6.150795533448388808e-02
3.169162600000000111e+03 1.966049999999999898e+01 6.393151029065154145e-02
3.171510200000000168e+03 3.932099999999999795e+01 6.336822609224598835e-02
3.173856600000000071e+03 5.242800000000000438e+01 6.255053730465987005e-02
3.176201799999999821e+03 4.587449999999999761e+01 6.364799887023071812e-02
3.178545700000000124e+03 1.966049999999999898e+01 6.480533000653491971e-02
