-3.075250000000000128e+01 8.191875000000000000e+02 3.925958918660062136e-02
-2.660050000000000026e+01 8.191875000000000000e+02 3.925958918660062136e-02
-2.245090000000000074e+01 8.191875000000000000e+02 3.925958918660062136e-02
-1.830389999999999873e+01 8.191875000000000000e+02 3.925958918660062136e-02
-1.415949999999999953e+01 8.191875000000000000e+02 3.925958918660062136e-02
-1.001759999999999984e+01 8.191875000000000000e+02 3.925958918660062136e-02
-5.878199999999999648e+00 8.191875000000000000e+02 3.925958918660062136e-02
-1.741400000000000059e+00 8.191875000000000000e+02 3.925958918660062136e-02
2.392900000000000027e+00 8.191875000000000000e+02 3.925958918660062136e-02
6.524700000000000166e+00 8.191875000000000000e+02 3.925958918660062136e-02
1.065390000000000015e+01 8.191875000000000000e+02 3.925958918660062136e-02
1.478059999999999974e+01 8.191875000000000000e+02 3.925958918660062136e-02
1.890480000000000160e+01 8.191875000000000000e+02 3.925958918660062136e-02
2.302649999999999864e+01 8.191875000000000000e+02 3.925958918660062136e-02
2.714560000000000173e+01 8.191875000000000000e+02 3.925958918660062136e-02
3.126219999999999999e+01 8.191875000000000000e+02 3.925958918660062136e-02
3.537639999999999674e+01 8.191875000000000000e+02 3.925958918660062136e-02
3.948790000000000333e+01 8.191875000000000000e+02 3.925958918660062136e-02
4.359700000000000131e+01 8.191875000000000000e+02 3.925958918660062136e-02
4.770360000000000156e+01 8.191875000000000000e+02 3.925958918660062136e-02
5.180769999999999698e+01 8.191875000000000000e+02 3.925958918660062136e-02
5.590919999999999845e+01 8.191875000000000000e+02 3.925958918660062136e-02
6.000829999999999842e+01 8.191875000000000000e+02 3.925958918660062136e-02
6.410479999999999734e+01 8.191875000000000000e+02 3.925958918660062136e-02
6.819889999999999475e+01 8.191875000000000000e+02 3.925958918660062136e-02
7.229040000000000532e+01 8.191875000000000000e+02 3.925958918660062136e-02
7.637949999999999307e+01 8.191875000000000000e+02 3.925958918660062136e-02
8.046609999999999729e+01 8.191875000000000000e+02 3.925958918660062136e-02
8.455010000000000048e+01 8.191875000000000000e+02 3.925958918660062136e-02
8.863169999999999504e+01 8.191875000000000000e+02 3.925958918660062136e-02
9.271080000000000609e+01 8.191875000000000000e+02 3.925958918660062136e-02
9.678740000000000521e+01 8.191875000000000000e+02 3.925958918660062136e-02
1.008615999999999957e+02 8.191875000000000000e+02 3.925958918660062136e-02
1.049331999999999994e+02 8.191875000000000000e+02 3.925958918660062136e-02
1.090023999999999944e+02 8.191875000000000000e+02 3.925958918660062136e-02
1.130691000000000059e+02 8.191875000000000000e+02 3.925958918660062136e-02
1.171333000000000055e+02 8.191875000000000000e+02 3.925958918660062136e-02
1.211949999999999932e+02 8.191875000000000000e+02 3.925958918660062136e-02
1.252543000000000006e+02 8.191875000000000000e+02 3.925958918660062136e-02
1.293111000000000104e+02 8.191875000000000000e+02 3.925958918660062136e-02
1.333653999999999940e+02 8.191875000000000000e+02 3.925958918660062136e-02
1.374173000000000116e+02 8.191875000000000000e+02 3.925958918660062136e-02
1.414667000000000030e+02 8.191875000000000000e+02 3.925958918660062136e-02
1.455137000000000000e+02 8.191875000000000000e+02 3.925958918660062136e-02
1.495581999999999994e+02 8.191875000000000000e+02 3.925958918660062136e-02
1.536002000000000010e+02 8.191875000000000000e+02 3.925958918660062136e-02
1.576398000000000081e+02 8.191875000000000000e+02 3.925958918660062136e-02
1.616768999999999892e+02 8.191875000000000000e+02 3.925958918660062136e-02
1.657116000000000042e+02 8.191875000000000000e+02 3.925958918660062136e-02
1.697437999999999931e+02 8.191875000000000000e+02 3.925958918660062136e-02
1.737735999999999876e+02 8.191875000000000000e+02 3.925958918660062136e-02
1.778009000000000128e+02 8.191875000000000000e+02 3.925958918660062136e-02
1.818257999999999868e+02 9.174900000000000091e+02 3.874128804873500781e-02
1.858481999999999914e+02 9.961319999999999482e+02 3.741537472419547566e-02
1.898683000000000050e+02 1.192737000000000080e+03 3.596022036740845890e-02
1.938857999999999890e+02 1.258271999999999935e+03 3.493882871155977454e-02
1.979010000000000105e+02 1.422109500000000025e+03 3.391426735021324523e-02
2.019137000000000057e+02 1.677696000000000140e+03 3.243988806551591220e-02
2.059240000000000066e+02 1.926729000000000042e+03 3.124190835627323193e-02
2.099318000000000097e+02 2.195422500000000127e+03 3.059634476013044571e-02
2.139371999999999900e+02 2.542758000000000266e+03 2.790199859045322875e-02
2.179402000000000044e+02 2.922860999999999876e+03 2.762156937675376220e-02
2.219407999999999959e+02 3.322624500000000353e+03 2.643646154623065930e-02
2.259388999999999896e+02 3.748601999999999862e+03 2.505879661775269399e-02
2.299346999999999923e+02 4.318756500000000415e+03 2.361306686556570097e-02
2.339279999999999973e+02 5.006873999999999796e+03 2.206785128944058552e-02
2.379189000000000078e+02 5.485279499999999643e+03 2.118477664898881646e-02
2.419073999999999955e+02 6.055433999999999287e+03 2.035367504145419934e-02
2.458934999999999889e+02 6.560053499999999985e+03 1.956403295255452687e-02
2.498771000000000129e+02 7.051565999999999804e+03 1.894081395579159249e-02
2.538583999999999889e+02 7.595506500000000415e+03 1.860133239363548699e-02
2.578373000000000275e+02 7.995269999999999527e+03 1.809549175395683621e-02
2.618136999999999830e+02 8.381926500000001397e+03 1.755151343205616291e-02
2.657878000000000043e+02 8.532657000000001062e+03 1.752205962135083839e-02
2.697594000000000278e+02 8.755476000000000568e+03 1.741724077677836088e-02
2.737287000000000035e+02 8.821011000000000422e+03 1.730861422078728076e-02
2.776954999999999814e+02 8.997955500000000029e+03 1.717426330787148736e-02
2.816600000000000250e+02 9.056936999999999898e+03 1.716320810021939799e-02
2.856220999999999890e+02 9.174900000000001455e+03 1.702140604830647969e-02
2.895817999999999870e+02 9.246988499999999476e+03 1.707552830268671551e-02
2.935391000000000190e+02 9.358398000000001048e+03 1.687255891503571317e-02
2.974940000000000282e+02 9.364951499999999214e+03 1.690412593779716185e-02
3.014465000000000146e+02 9.574663500000000568e+03 1.672243959144018716e-02
3.053967000000000098e+02 9.686072999999998501e+03 1.667665944278564488e-02
3.093444000000000074e+02 9.659859000000000378e+03 1.671733428233282762e-02
3.132898000000000138e+02 9.830250000000000000e+03 1.658123431690197019e-02
3.172327999999999975e+02 9.777822000000000116e+03 1.667665944278564488e-02
3.211734999999999900e+02 9.843356999999999971e+03 1.662623096494129926e-02
3.251116999999999848e+02 1.001374799999999959e+04 1.645326799561703732e-02
3.290475999999999885e+02 1.011860400000000118e+04 1.628087742821607287e-02
3.329812000000000012e+02 1.007928299999999945e+04 1.639038595343019281e-02
3.369123000000000161e+02 1.027588799999999901e+04 1.629976476337014271e-02
3.408410999999999831e+02 1.005962249999999949e+04 1.645326799561703732e-02
3.447676000000000158e+02 1.020379950000000099e+04 1.635682362431915143e-02
3.486917000000000257e+02 1.036108349999999882e+04 1.625736033168749192e-02
3.526134000000000128e+02 1.036108349999999882e+04 1.621994403275795610e-02
3.565326999999999771e+02 1.038729750000000058e+04 1.612294221604149147e-02
3.604497000000000071e+02 1.046593950000000041e+04 1.618741582118293429e-02
3.643643999999999892e+02 1.045938599999999860e+04 1.620133250163372993e-02
3.682767000000000053e+02 1.049870700000000033e+04 1.616891591134305556e-02
3.721866999999999734e+02 1.052492100000000028e+04 1.615968971035711133e-02
3.760942999999999756e+02 1.058390250000000015e+04 1.609099297147932942e-02
3.799995000000000118e+02 1.057079550000000017e+04 1.610010194077468246e-02
3.839024000000000001e+02 1.065599099999999999e+04 1.605923290927389543e-02
3.878029999999999973e+02 1.070841899999999987e+04 1.602316496276388891e-02
3.917013000000000034e+02 1.068220499999999993e+04 1.599180406181043360e-02
3.955971999999999866e+02 1.073463299999999981e+04 1.601418588390647949e-02
3.994907000000000039e+02 1.075429349999999977e+04 1.602766016974326718e-02
4.033820000000000050e+02 1.066909799999999996e+04 1.612294221604149147e-02
4.072708999999999833e+02 1.088536349999999948e+04 1.596062658376913232e-02
4.111573999999999955e+02 1.078050749999999971e+04 1.601867353591664156e-02
4.150416999999999916e+02 1.084604250000000138e+04 1.600074552410359410e-02
4.189236000000000217e+02 1.092468449999999939e+04 1.592521749614941862e-02
4.228032000000000039e+02 1.078706099999999969e+04 1.601867353591664156e-02
4.266804000000000201e+02 1.090502399999999943e+04 1.595618752747863731e-02
4.305554000000000201e+02 1.104264750000000095e+04 1.583337832108294013e-02
4.344279999999999973e+02 1.097055899999999929e+04 1.589004303576218441e-02
4.382982999999999834e+02 1.099021949999999924e+04 1.588128577798171570e-02
4.421662999999999784e+02 1.103609399999999914e+04 1.587254298305655273e-02
4.460319999999999823e+02 1.106886149999999907e+04 1.582471436512856294e-02
4.498953999999999951e+02 1.106886149999999907e+04 1.580742903570431582e-02
4.537563999999999851e+02 1.112784300000000076e+04 1.577302762597008676e-02
4.576152000000000157e+02 1.118027100000000064e+04 1.574310992029795755e-02
4.614716000000000236e+02 1.114750350000000071e+04 1.574737345725366056e-02
4.653258000000000152e+02 1.116716399999999885e+04 1.577302762597008676e-02
4.691775999999999840e+02 1.118027100000000064e+04 1.574737345725366056e-02
4.730271000000000186e+02 1.109507550000000083e+04 1.582904456478961136e-02
4.768743999999999801e+02 1.114095000000000073e+04 1.579450214595678678e-02
4.807192999999999756e+02 1.119337800000000061e+04 1.576446231030942738e-02
4.845620000000000118e+02 1.119993150000000060e+04 1.573459322510053007e-02
4.884023000000000252e+02 1.123269900000000052e+04 1.574737345725366056e-02
4.922404000000000224e+02 1.123925250000000051e+04 1.573884984447370544e-02
4.960761999999999716e+02 1.132444800000000032e+04 1.567956959675455286e-02
4.999096999999999866e+02 1.135721550000000025e+04 1.565017956229914492e-02
5.037409000000000106e+02 1.135721550000000025e+04 1.567956959675455286e-02
5.075697999999999865e+02 1.138342950000000019e+04 1.565436802204556513e-02
5.113964000000000283e+02 1.141619700000000012e+04 1.564599446272911532e-02
5.152208000000000538e+02 1.140308999999999833e+04 1.565017956229914492e-02
5.190429000000000315e+02 1.148173199999999997e+04 1.556711008200930592e-02
5.228627000000000180e+02 1.145551800000000003e+04 1.559603373550151953e-02
5.266802000000000135e+02 1.145551800000000003e+04 1.561263409542753763e-02
5.304954999999999927e+02 1.148173199999999997e+04 1.558361815672422608e-02
5.343084999999999809e+02 1.156037399999999980e+04 1.551789886271875453e-02
5.381191999999999780e+02 1.152760649999999987e+04 1.556299125402822899e-02
5.419275999999999840e+02 1.167833699999999953e+04 1.548534948474491850e-02
5.457337999999999738e+02 1.153415999999999985e+04 1.554244604209541192e-02
5.495376999999999725e+02 1.175697899999999936e+04 1.541285590308305586e-02
5.533393999999999551e+02 1.162590899999999965e+04 1.549753148438800208e-02
5.571387999999999465e+02 1.163901599999999962e+04 1.548940695880505168e-02
5.609358999999999469e+02 1.186838850000000093e+04 1.536112808795241785e-02
5.647308000000000447e+02 1.179629999999999927e+04 1.540087234089570004e-02
5.685234000000000378e+02 1.164556949999999961e+04 1.547319616738435967e-02
5.723138000000000147e+02 1.171765799999999945e+04 1.543289082107294000e-02
5.761019000000000005e+02 1.175697899999999936e+04 1.538891668712774954e-02
5.798877999999999702e+02 1.178319299999999930e+04 1.538493765236514585e-02
5.836713999999999487e+02 1.169799749999999949e+04 1.545703616697819034e-02
5.874528000000000247e+02 1.162590899999999965e+04 1.551381896285522477e-02
5.912318999999999960e+02 1.171110449999999946e+04 1.544494933898593256e-02
5.950087999999999511e+02 1.178319299999999930e+04 1.538891668712774954e-02
5.987835000000000036e+02 1.171110449999999946e+04 1.544897513061926388e-02
6.025558999999999514e+02 1.177008600000000115e+04 1.541685664446207707e-02
6.063260999999999967e+02 1.178974650000000111e+04 1.538891668712774954e-02
6.100940000000000509e+02 1.180940699999999924e+04 1.538891668712774954e-02
6.138596999999999753e+02 1.177008600000000115e+04 1.542086050289718201e-02
6.176231999999999971e+02 1.190115600000000086e+04 1.532955327946289130e-02
6.213845000000000027e+02 1.192736999999999898e+04 1.529817238006522286e-02
6.251435000000000173e+02 1.188149549999999908e+04 1.534926468439003211e-02
6.289003000000000156e+02 1.184872799999999916e+04 1.536905232272654451e-02
6.326548000000000229e+02 1.188804900000000089e+04 1.534531632041875697e-02
6.364071999999999889e+02 1.189460249999999905e+04 1.534531632041875697e-02
6.401572999999999638e+02 1.196669100000000071e+04 1.528645413063976430e-02
6.439052000000000362e+02 1.199945850000000064e+04 1.526309819013745885e-02
6.476508999999999787e+02 1.206499350000000049e+04 1.522826414353170912e-02
6.513944000000000187e+02 1.200601200000000063e+04 1.527865690792862795e-02
6.551355999999999540e+02 1.209776099999999860e+04 1.522055558108205420e-02
6.588746999999999616e+02 1.209120750000000044e+04 1.522055558108205420e-02
6.626114999999999782e+02 1.213052849999999853e+04 1.521285871303938199e-02
6.663461999999999534e+02 1.220261700000000019e+04 1.517073366154414460e-02
6.700786000000000513e+02 1.228125900000000001e+04 1.510631411932214160e-02
6.738088000000000193e+02 1.241232900000000154e+04 1.503156693074055375e-02
6.775367999999999711e+02 1.228781250000000000e+04 1.509503092532710547e-02
6.812626000000000204e+02 1.232713349999999991e+04 1.508002592069881617e-02
6.849862000000000535e+02 1.251063149999999951e+04 1.497622903177553248e-02
6.887075999999999567e+02 1.242543599999999969e+04 1.503156693074055375e-02
6.924269000000000460e+02 1.234679400000000169e+04 1.504642760360447307e-02
6.961439000000000306e+02 1.247786400000000140e+04 1.499829076094420961e-02
6.998586999999999989e+02 1.245164999999999964e+04 1.499092602160452710e-02
7.035712999999999511e+02 1.243854299999999967e+04 1.500935825040571048e-02
7.072817999999999756e+02 1.261548750000000109e+04 1.492149783749747993e-02
7.109900999999999840e+02 1.254339899999999943e+04 1.493603412719648506e-02
7.146961000000000013e+02 1.249097099999999955e+04 1.495791843802075395e-02
7.183999999999999773e+02 1.253029200000000128e+04 1.492876067454837127e-02
7.221017000000000507e+02 1.253029200000000128e+04 1.493967484245523579e-02
7.258011999999999944e+02 1.262204099999999926e+04 1.488534198635593428e-02
7.294986000000000104e+02 1.267446899999999914e+04 1.481381181756079475e-02
7.331938000000000102e+02 1.272689700000000084e+04 1.483159764677544762e-02
7.368867999999999938e+02 1.272034349999999904e+04 1.484229994352354552e-02
7.405775999999999613e+02 1.274000399999999900e+04 1.481381181756079475e-02
7.442662000000000262e+02 1.272034349999999904e+04 1.483872993747226143e-02
7.479527000000000498e+02 1.279243200000000070e+04 1.476434987040279971e-02
7.516369999999999436e+02 1.281209250000000065e+04 1.478195792659498138e-02
7.553191000000000486e+02 1.272689700000000084e+04 1.482447563068807136e-02
7.589990999999999985e+02 1.286452050000000054e+04 1.475381519202231297e-02
7.626769000000000460e+02 1.276621800000000076e+04 1.478901880969485209e-02
7.663526000000000522e+02 1.291694850000000042e+04 1.471538008419021222e-02
7.700261000000000422e+02 1.291694850000000042e+04 1.470147797425238809e-02
7.736974000000000160e+02 1.289728800000000047e+04 1.472932170748226730e-02
7.773665999999999485e+02 1.299559050000000025e+04 1.466344939610249309e-02
7.810335999999999785e+02 1.305457200000000012e+04 1.464283052103879969e-02
7.846984999999999673e+02 1.310700000000000000e+04 1.460185237020666764e-02
7.883612000000000535e+02 1.316598149999999987e+04 1.455784529648324055e-02
7.920217000000000098e+02 1.337569349999999940e+04 1.448095178785012253e-02
7.956801000000000386e+02 1.329705149999999958e+04 1.451423372508082663e-02
7.993364000000000260e+02 -2.282708059051765304e+01 1.443802560214527651e-02
8.029904999999999973e+02 -5.331167121709040657e+01 1.444460478936399755e-02
8.066425000000000409e+02 -7.074194392800563946e+01 1.443802560214527651e-02
8.102922999999999547e+02 7.561290952490890049e+01 1.425105511280682843e-02
8.139400000000000546e+02 -5.988422683708631666e+01 1.443145539675288677e-02
8.175855999999999995e+02 4.049445408466272056e+01 1.435977014453941950e-02
8.212290000000000418e+02 -2.301296971509873401e+01 1.438246310169502551e-02
8.248703000000000429e+02 -8.001386649496998871e+01 1.438896658975142434e-02
8.285094000000000278e+02 2.022389532338092977e+01 1.433718426582278847e-02
8.321464999999999463e+02 2.454947266467570444e+00 1.432753717427461167e-02
8.357812999999999874e+02 -5.467695382859346864e+01 1.435977014453941950e-02
8.394140999999999622e+02 1.922094885078149673e+01 1.432111658816941427e-02
8.430447000000000344e+02 6.686656552314343571e+01 1.428595700327014995e-02
8.466731999999999516e+02 1.800108062148447061e+02 1.423527495614249593e-02
8.502996000000000549e+02 2.013715802835668001e+02 1.420700228681145462e-02
8.539239000000000033e+02 1.047367956801008404e+02 1.424158072608902766e-02
8.575460000000000491e+02 2.046763587347413704e+02 1.419136785675698294e-02
8.611660000000000537e+02 3.308011739439916710e+02 1.412626238506203141e-02
8.647839999999999918e+02 2.930616437576281896e+02 1.412626238506203141e-02
8.683997000000000526e+02 3.142786676451032690e+02 1.408335326588896000e-02
8.720134000000000469e+02 2.502771422107889521e+02 1.412934235073366046e-02
8.756250000000000000e+02 3.697524613095047243e+02 1.398373768525796104e-02
8.792344000000000506e+02 2.074080160311550571e+02 1.413859434933552144e-02
8.828418000000000347e+02 4.251491946856131108e+02 1.402573999559756333e-02
8.864470000000000027e+02 4.135023820668975532e+02 1.401971648662506988e-02
8.900502000000000180e+02 3.100929595039760898e+02 1.406508296206810706e-02
8.936512000000000171e+02 3.639558045839967235e+02 1.403478983415328181e-02
8.972500999999999749e+02 3.850412910723116511e+02 1.401370073158019099e-02
9.008469000000000051e+02 3.012627890291696531e+02 1.404385721304735393e-02
9.044416999999999689e+02 4.337436649265637243e+02 1.398075194001516253e-02
9.080343000000000302e+02 5.793272815685177193e+02 1.389791984102475841e-02
9.116248000000000502e+02 6.855874974216276314e+02 1.384834154067806321e-02
9.152133000000000038e+02 6.083491651592157723e+02 1.388620646360367271e-02
9.187996000000000549e+02 6.097541311885543109e+02 1.387160630557262957e-02
9.223839000000000397e+02 6.439297356368260807e+02 1.385414675641855227e-02
9.259660000000000082e+02 6.846638121404648700e+02 1.381654278105498221e-02
9.295461000000000240e+02 7.581721878966145596e+02 1.378210182317163301e-02
9.331240999999999985e+02 8.316891832557885209e+02 1.373941064629718989e-02
9.367000000000000455e+02 8.200211109867759660e+02 1.374224439091767044e-02
9.402739000000000260e+02 9.197747755414857238e+02 1.368590038819942310e-02
9.438455999999999904e+02 8.491514731716142705e+02 1.371962339716023375e-02
9.474153000000000020e+02 9.227209914554041461e+02 1.368310134933423822e-02
9.509828999999999724e+02 9.504336092829689733e+02 1.363577891627354433e-02
9.545484000000000151e+02 8.143280967104419688e+02 1.369992139422077440e-02
9.581118000000000166e+02 1.038686214748364364e+03 1.360266892265181611e-02
9.616731999999999516e+02 1.040248215084371623e+03 1.359717400466446333e-02
9.652324999999999591e+02 1.035281339019251391e+03 1.356979895373427308e-02
9.687897000000000389e+02 1.004126817451315219e+03 1.355889513602031964e-02
9.723449000000000524e+02 1.071302871057148877e+03 1.355617328612116618e-02
9.758979000000000497e+02 1.223704210341005819e+03 1.347794578486348309e-02
9.794489999999999554e+02 1.330262535094117993e+03 1.341685713598198167e-02
9.829978999999999587e+02 1.318891032870684285e+03 1.343006660766230334e-02
9.865448000000000093e+02 1.274786878118877212e+03 1.344331517220154724e-02
9.900896999999999935e+02 1.342128732163504537e+03 1.340105710247027973e-02
9.936323999999999614e+02 1.350527243319378613e+03 1.340105710247027973e-02
9.971731999999999516e+02 1.496589046480021352e+03 1.333064140803905291e-02
1.000711800000000039e+03 1.387105763033705443e+03 1.334879068997406500e-02
1.004248399999999947e+03 1.349754000844593975e+03 1.338007696106861648e-02
1.007783000000000015e+03 1.338660854102412486e+03 1.335919504906723371e-02
1.011315500000000043e+03 1.347274403433832049e+03 1.336179994234519552e-02
1.014846000000000004e+03 1.329721716013384139e+03 1.336701430349679365e-02
1.018374400000000037e+03 1.292557845673933116e+03 1.336962377434712697e-02
1.021900800000000004e+03 1.399621832951130273e+03 1.329199805277607449e-02
1.025425099999999929e+03 1.211830705258464150e+03 1.339055470500871529e-02
1.028947400000000016e+03 1.391089476275345078e+03 1.329456382792839307e-02
1.032467599999999948e+03 1.472101145858972814e+03 1.327919142290902646e-02
1.035985799999999927e+03 1.500741699955668082e+03 1.325114663675115538e-02
1.039501999999999953e+03 1.555654609790741233e+03 1.322833259405718428e-02
1.043016100000000051e+03 1.505771331582101993e+03 1.322580496766665933e-02
1.046528199999999970e+03 1.541144806318799965e+03 1.322327878963432124e-02
1.050038199999999961e+03 1.524152959932185695e+03 1.321318853346091157e-02
1.053546199999999999e+03 1.638295203466450403e+03 1.317056118922004145e-02
1.057052200000000084e+03 1.523130432920866951e+03 1.321066957651619023e-02
1.060556199999999990e+03 1.467014029288007805e+03 1.322327878963432124e-02
1.064058099999999968e+03 1.528928858656809098e+03 1.318555898628562435e-02
1.067557999999999993e+03 1.459843272380549024e+03 1.320815205966121599e-02
1.071055900000000065e+03 1.456363607113027683e+03 1.320312134073576421e-02
1.074551799999999957e+03 1.420188684909620861e+03 1.321066957651619023e-02
1.078045599999999922e+03 1.331659313393151024e+03 1.324099249990614950e-02
1.081537499999999909e+03 1.308739785787958681e+03 1.324099249990614950e-02
1.085027299999999968e+03 1.423519881084292138e+03 1.319809636573331460e-02
1.088515100000000075e+03 1.426967864005397132e+03 1.318555898628562435e-02
1.092000800000000027e+03 1.345298985170389642e+03 1.321066957651619023e-02
1.095484600000000000e+03 1.362012481125322665e+03 1.319809636573331460e-02
1.098966300000000047e+03 1.529537574635589408e+03 1.312834376369485974e-02
1.102446099999999888e+03 1.382576974715386314e+03 1.315810204236813122e-02
1.105923800000000028e+03 1.406090876787453453e+03 1.310124196479888099e-02
1.109399499999999989e+03 1.501777962973035756e+03 1.303300586559848380e-02
1.112873199999999997e+03 1.446820402249964900e+03 1.312834376369485974e-02
1.116345000000000027e+03 1.378842850609893503e+03 1.316059104306047285e-02
1.119814699999999903e+03 1.238864951214631219e+03 1.320060813592747496e-02
1.123282400000000052e+03 1.328348834551674372e+03 1.315064350494746931e-02
1.126748100000000022e+03 1.155783118588786238e+03 1.322075405857748957e-02
1.130211800000000039e+03 1.219234908927743163e+03 1.318305579518830838e-02
1.133673500000000104e+03 1.151709298957146530e+03 1.320563598152434820e-02
1.137133199999999988e+03 1.176026369873261501e+03 1.319307712373177927e-02
1.140590999999999894e+03 1.069368190830969979e+03 1.323339219745277295e-02
1.144046700000000101e+03 1.100429319093838785e+03 1.320563598152434820e-02
1.147500399999999900e+03 1.111926800183216983e+03 1.320815205966121599e-02
1.150952199999999948e+03 1.097308168026333078e+03 1.319056964920115732e-02
1.154402000000000044e+03 1.089341945103487888e+03 1.320060813592747496e-02
1.157849699999999984e+03 1.205992142594230245e+03 1.314319763655497943e-02
1.161295499999999947e+03 1.086817260522555443e+03 1.317805368694707595e-02
1.164739399999999932e+03 1.177456287114686347e+03 1.314567818723037448e-02
1.168181199999999990e+03 1.314072698680110989e+03 1.300168516661105028e-02
1.171621000000000095e+03 1.214866959753770061e+03 1.312093568800085965e-02
1.175058899999999994e+03 1.246836022581854195e+03 1.310615708107188727e-02
1.178494799999999941e+03 1.193715327196345243e+03 1.310615708107188727e-02
1.181928699999999935e+03 1.494590301488560726e+03 1.299688661130215736e-02
1.185360699999999952e+03 1.336827861019441116e+03 1.305725333933433971e-02
1.188790700000000015e+03 1.316797409156497451e+03 1.304996489146568149e-02
1.192218699999999899e+03 1.146145837013080381e+03 1.310861671458909972e-02
1.195644700000000057e+03 1.185316523386507470e+03 1.309387964785624706e-02
1.199068800000000010e+03 1.152509834891778155e+03 1.309878647944982995e-02
1.202490900000000011e+03 1.270545625438764546e+03 1.304753811973080428e-02
1.205911000000000058e+03 1.165875236167097682e+03 1.300408643824785271e-02
1.209329199999999901e+03 1.218602495510960580e+03 1.305968553705299205e-02
1.212745400000000018e+03 1.310765219328302919e+03 1.302093267554484124e-02
1.216159699999999930e+03 1.468578210242503701e+03 1.295393735506162464e-02
1.219571999999999889e+03 1.351260257113946864e+03 1.299448932517804738e-02
1.222982299999999896e+03 1.528966635165801563e+03 1.293025987711516646e-02
1.226390699999999924e+03 1.451204105060076472e+03 1.295393735506162464e-02
1.229797100000000000e+03 1.484969412824480969e+03 1.292789926369940050e-02
1.233201600000000099e+03 1.623709789515949524e+03 1.288095684556472484e-02
1.236604100000000017e+03 1.729802451145120358e+03 1.283452209873901274e-02
1.240004699999999957e+03 1.632857098009828405e+03 1.285999893389584529e-02
1.243403299999999945e+03 1.653995914420576810e+03 1.285071708574765312e-02
1.246799899999999980e+03 1.668703068686987535e+03 1.283452209873901274e-02
1.250194700000000012e+03 1.513141713103017537e+03 1.289030442070319103e-02
1.253587500000000091e+03 1.567415483865392162e+03 1.286464740646186058e-02
1.256978299999999990e+03 1.530064001121943875e+03 1.288095684556472484e-02
1.260367199999999912e+03 1.663227868822094024e+03 1.274992559165136902e-02
1.263754200000000083e+03 1.711321174566050104e+03 1.280690114398565574e-02
1.267139200000000073e+03 1.661237489452849331e+03 1.282299166599297317e-02
1.270522300000000087e+03 1.539191368058127409e+03 1.285999893389584529e-02
1.273903399999999920e+03 1.731839848345140126e+03 1.278858593812675845e-02
1.277282600000000002e+03 1.636261451705606305e+03 1.282068930639707581e-02
1.280659900000000107e+03 1.783290182737140640e+03 1.276353035340019836e-02
1.284035300000000007e+03 1.923893528822782173e+03 1.270488862438398474e-02
1.287408699999999953e+03 2.018750959840357609e+03 1.267364521844920044e-02
1.290780199999999923e+03 1.786062428263758193e+03 1.274992559165136902e-02
1.294149799999999914e+03 1.920499369262901382e+03 1.268477710045341073e-02
1.297517399999999952e+03 1.917442700605835853e+03 1.268923807372318059e-02
1.300883100000000013e+03 1.921069822756127905e+03 1.268923807372318059e-02
1.304246900000000096e+03 1.826525118837918853e+03 1.271834957319697978e-02
1.307608799999999974e+03 1.745218454730684243e+03 1.273862146176544738e-02
1.310968800000000101e+03 1.795113179162768574e+03 1.272059722711100377e-02
1.314326800000000048e+03 1.655088123541392633e+03 1.276807496111174306e-02
1.317682900000000018e+03 1.528302101978020801e+03 1.280690114398565574e-02
1.321037100000000009e+03 1.545825411377885757e+03 1.279087104239553033e-02
1.324389400000000023e+03 1.648676831462693372e+03 1.274766235819222576e-02
1.327739800000000059e+03 1.620591124857517570e+03 1.276807496111174306e-02
1.331088299999999890e+03 1.671280537176417056e+03 1.274766235819222576e-02
1.334434799999999996e+03 1.584479796516823626e+03 1.276807496111174306e-02
1.337779500000000098e+03 1.537133613542500825e+03 1.278173796658453251e-02
1.341122200000000021e+03 1.653758681565124789e+03 1.272509611221261765e-02
1.344463099999999940e+03 1.763964176624520405e+03 1.270264928557671147e-02
1.347801999999999907e+03 1.756340758157390155e+03 1.268923807372318059e-02
1.351139100000000099e+03 1.807833069140433508e+03 1.268032082871903277e-02
1.354474200000000110e+03 1.787371236232136653e+03 1.268477710045341073e-02
1.357807399999999916e+03 1.681848369847615686e+03 1.271610311030333014e-02
1.361138799999999947e+03 1.812386064232225181e+03 1.267142235686611988e-02
1.364468200000000024e+03 1.798881397533717973e+03 1.266698014030301182e-02
1.367795800000000099e+03 1.752743931873130350e+03 1.268700699887978858e-02
1.371121399999999994e+03 1.706741213414277809e+03 1.269817415798122490e-02
1.374445200000000114e+03 1.575677772431896301e+03 1.272734734550970241e-02
1.377767000000000053e+03 1.562712123378496472e+03 1.270712914792215126e-02
1.381086999999999989e+03 1.549881264949812248e+03 1.274313950463201901e-02
1.384405099999999948e+03 1.235724180214445369e+03 1.284839976229796947e-02
1.387721299999999928e+03 1.406660836742210449e+03 1.279087104239553033e-02
1.391035599999999931e+03 1.387680687386420686e+03 1.279544492812813121e-02
1.394348099999999931e+03 1.277086170933807807e+03 1.282529526641863413e-02
1.397658599999999979e+03 1.258375212294280573e+03 1.283221352383073430e-02
1.400967300000000023e+03 1.279119722886029194e+03 1.282068930639707581e-02
1.404274100000000089e+03 1.247570601215829811e+03 1.275445567727722523e-02
1.407578999999999951e+03 1.242369732999255575e+03 1.282068930639707581e-02
1.410882000000000062e+03 1.237302991279593698e+03 1.283221352383073430e-02
1.414183199999999943e+03 1.422421736545367821e+03 1.275219003098929625e-02
1.417482500000000073e+03 1.247231816912079012e+03 1.282299166599297317e-02
1.420779899999999998e+03 1.308101568171512554e+03 1.277945775285368145e-02
1.424075499999999920e+03 1.251141813839753013e+03 1.280460743909684132e-02
1.427369099999999889e+03 1.115673365203840149e+03 1.284839976229796947e-02
1.430660900000000083e+03 1.052426521367082387e+03 1.288095684556472484e-02
1.433950900000000047e+03 1.081061570276076964e+03 1.287395949411368479e-02
1.437239000000000033e+03 9.132242890254838130e+02 1.292553994270818733e-02
1.440525200000000041e+03 8.962499442270309373e+02 1.293025987711516646e-02
1.443809500000000071e+03 8.466402933602166740e+02 1.293971527865452921e-02
1.447092000000000098e+03 7.971625849420488521e+02 1.294919145369147206e-02
1.450372599999999920e+03 7.478165585643982922e+02 1.298491342901740217e-02
1.453651399999999967e+03 5.937459452577131742e+02 1.304026591956359941e-02
1.456928300000000036e+03 6.626254675257096096e+02 1.301611278543872777e-02
1.460203400000000101e+03 6.661008393787869863e+02 1.300889297562811756e-02
1.463476599999999962e+03 5.976182664971820486e+02 1.302817256082793550e-02
1.466747900000000072e+03 6.603359462617572717e+02 1.299928522470475238e-02
1.470017399999999952e+03 6.379880677834771632e+02 1.301370484669174543e-02
1.473285000000000082e+03 8.320353119315732329e+02 1.294919145369147206e-02
1.476550799999999981e+03 9.344628513604402542e+02 1.290201755753223392e-02
1.479814800000000105e+03 8.273073505351712811e+02 1.294208237192936810e-02
1.483076900000000023e+03 8.054759657559061452e+02 1.294445076473388183e-02
1.486337099999999964e+03 8.362008450497050944e+02 1.293734948372138836e-02
1.489595499999999902e+03 8.015186281922833587e+02 1.294919145369147206e-02
1.492852100000000064e+03 8.914804465973702463e+02 1.291141109176353712e-02
1.496106800000000021e+03 1.014336923335811662e+03 1.286697353384846226e-02
1.499359699999999975e+03 9.669291726292285603e+02 1.288562809026789352e-02
1.502610799999999927e+03 8.803267998010160227e+02 1.292082517328534130e-02
1.505859999999999900e+03 9.380274009640434087e+02 1.289264449595541734e-02
1.509107400000000098e+03 1.028621063034708641e+03 1.285999893389584529e-02
1.512352900000000091e+03 8.244323635491382447e+02 1.283221352383073430e-02
1.515596600000000080e+03 9.152758704126026714e+02 1.290201755753223392e-02
1.518838500000000067e+03 9.865831416476976301e+02 1.287162957653164956e-02
1.522078600000000051e+03 1.090781725206754345e+03 1.283452209873901274e-02
1.525316800000000057e+03 1.195103658783082210e+03 1.280231496616841477e-02
1.528553200000000061e+03 1.220906469162184294e+03 1.278858593812675845e-02
1.531787700000000086e+03 1.358241171178515287e+03 1.274087988239515183e-02
1.535020500000000084e+03 1.462930267457486480e+03 1.270712914792215126e-02
1.538251400000000103e+03 1.528419747042105882e+03 1.268700699887978858e-02
1.541480499999999893e+03 1.653011584346082600e+03 1.263821916671112149e-02
1.544707799999999907e+03 1.797384238498929335e+03 1.258998988034898056e-02
1.547933199999999943e+03 1.764932152100078383e+03 1.260308853818030775e-02
1.551156899999999951e+03 2.086488250102775055e+03 1.249303463487966802e-02
1.554378699999999981e+03 2.060827439483282433e+03 1.249303463487966802e-02
1.557598700000000008e+03 2.146694106615135752e+03 1.247603151759601667e-02
1.560816900000000032e+03 2.219571117001451057e+03 1.245487492866193154e-02
1.564033300000000054e+03 2.371206814678434966e+03 1.239412418835121772e-02
1.567247800000000097e+03 2.169069522207455520e+03 1.238789024168053358e-02
1.570460600000000113e+03 2.242294540666011017e+03 1.245276518443934853e-02
1.573671599999999899e+03 2.236992149637530019e+03 1.244433691600549223e-02
1.576880699999999933e+03 2.218696607199985010e+03 1.245909763599758850e-02
1.580087999999999965e+03 2.233281649913389629e+03 1.244433691600549223e-02
1.583293599999999969e+03 2.379048992806157912e+03 1.240453504628794175e-02
1.586497299999999996e+03 2.190699329360295451e+03 1.245065651196898895e-02
1.589699200000000019e+03 2.185958331495545281e+03 1.246967322370597271e-02
1.592899400000000014e+03 2.135452649552318690e+03 1.248452439231518239e-02
1.596097700000000032e+03 2.144037412273597511e+03 1.247815311127135028e-02
1.599294200000000046e+03 2.106855726982277702e+03 1.249090544276622826e-02
1.602488900000000058e+03 2.050120679626435958e+03 1.251867016382426923e-02
1.605681900000000041e+03 2.013152335085604136e+03 1.251438661531090353e-02
1.608873000000000047e+03 2.087698737410430113e+03 1.249729628761657788e-02
1.612062400000000025e+03 1.978851410126828341e+03 1.253369729624212794e-02
1.615249900000000025e+03 1.915981856604617860e+03 1.255742108418482841e-02
1.618435699999999997e+03 1.977731060425114265e+03 1.253800071174961984e-02
1.621619699999999966e+03 1.534961985419993653e+03 1.267586925026739815e-02
1.624801899999999932e+03 1.662447576233464133e+03 1.262940897451686820e-02
1.627982299999999896e+03 1.429589760914936051e+03 1.272059722711100377e-02
1.631160900000000083e+03 1.334453452134523104e+03 1.275899059499466769e-02
1.634337700000000041e+03 1.331163048266453188e+03 1.275899059499466769e-02
1.637512799999999970e+03 1.026507434340444888e+03 1.285999893389584529e-02
1.640686099999999897e+03 9.513189820745792531e+02 1.289498584610565199e-02
1.643857600000000048e+03 8.762240529218743177e+02 1.292553994270818733e-02
1.647027299999999968e+03 5.980629988221553504e+02 1.301852206131044049e-02
1.650195200000000114e+03 7.263101629530465289e+02 1.298491342901740217e-02
1.653361400000000003e+03 5.007583812663669960e+02 1.306211909442752186e-02
1.656525799999999890e+03 5.112214836304774508e+02 1.306699029321495113e-02
1.659688400000000001e+03 5.742002937920860859e+02 1.304268863503635183e-02
1.662849200000000110e+03 5.586236294026457472e+02 1.304996489146568149e-02
1.666008299999999963e+03 4.513833019784178759e+02 1.309142829902865297e-02
1.669165600000000040e+03 4.490831171217560041e+02 1.308652972886687436e-02
1.672321200000000090e+03 6.369173746104970633e+02 1.302093267554484124e-02
1.675474899999999934e+03 5.364793684864798706e+02 1.305482250000594355e-02
1.678626899999999978e+03 6.392803870777224802e+02 1.301370484669174543e-02
1.681777199999999993e+03 6.176442133474611182e+02 1.303058854092488915e-02
1.684925600000000031e+03 6.878351248491562728e+02 1.299928522470475238e-02
1.688072400000000016e+03 6.008188936807237042e+02 1.303300586559848380e-02
1.691217300000000023e+03 5.138782865034900169e+02 1.307430732055078586e-02
1.694360500000000002e+03 5.646355648880944500e+02 1.304996489146568149e-02
1.697501999999999953e+03 4.057539855285522208e+02 1.311354013888085465e-02
1.700641599999999926e+03 4.369958002589337411e+02 1.311107773342512495e-02
1.703779600000000073e+03 3.437917565936313622e+02 1.312587301110617992e-02
1.706915700000000015e+03 3.358525979392343288e+02 1.314319763655497943e-02
1.710050199999999904e+03 3.738560640678169875e+02 1.313824074494494322e-02
1.713182800000000043e+03 3.791588910652626510e+02 1.313081591205755155e-02
1.716313699999999926e+03 3.648668114099564264e+02 1.314567818723037448e-02
1.719442900000000009e+03 2.785505539853184018e+02 1.317805368694707595e-02
1.722570300000000088e+03 3.037068440260991338e+02 1.315064350494746931e-02
1.725695999999999913e+03 2.633899030640604906e+02 1.318555898628562435e-02
1.728819899999999961e+03 2.427939488730207813e+02 1.319307712373177927e-02
1.731942099999999982e+03 3.402201954132888204e+02 1.315312827464464561e-02
1.735062599999999975e+03 3.131878527754524839e+02 1.316557328478468701e-02
1.738181299999999965e+03 2.993191271236428292e+02 1.318055402919269571e-02
1.741298199999999952e+03 4.165757206381658762e+02 1.313576440136532929e-02
1.744413500000000113e+03 3.897093314575940894e+02 1.315064350494746931e-02
1.747526900000000069e+03 4.349841536202948191e+02 1.314071848956762170e-02
1.750638699999999972e+03 4.606498772675422515e+02 1.312587301110617992e-02
1.753748700000000099e+03 4.404911888461356284e+02 1.312587301110617992e-02
1.756856999999999971e+03 3.679532712449599785e+02 1.315810204236813122e-02
1.759963500000000067e+03 4.461933037343951582e+02 1.311600393225889095e-02
1.763068400000000111e+03 5.310329619052954513e+02 1.310369883157430811e-02
1.766171499999999924e+03 4.979544176074614370e+02 1.312834376369485974e-02
1.769272799999999961e+03 5.107938388876955287e+02 1.311354013888085465e-02
1.772372399999999971e+03 3.467308900584030198e+02 1.318305579518830838e-02
1.775470299999999952e+03 2.810112317002876807e+02 1.321318853346091157e-02
1.778566499999999905e+03 3.005265205990908726e+02 1.320563598152434820e-02
1.781661000000000058e+03 3.987219100095444446e+02 1.318055402919269571e-02
1.784753699999999981e+03 2.544745495913139166e+02 1.322833259405718428e-02
1.787844700000000103e+03 1.757975855411405064e+02 1.325623247329870899e-02
1.790933999999999969e+03 2.740991605279959913e+02 1.322580496766665933e-02
1.794021600000000035e+03 1.889354136279089289e+02 1.325623247329870899e-02
1.797107500000000073e+03 2.479799803895093646e+02 1.323592417723246442e-02
1.800191600000000108e+03 3.398219927681675472e+02 1.320563598152434820e-02
1.803273999999999887e+03 4.120320790598361782e+02 1.317555476710154105e-02
1.806354700000000093e+03 3.007713638345849176e+02 1.320312134073576421e-02
1.809433700000000044e+03 3.795879678698438511e+02 1.317805368694707595e-02
1.812510999999999967e+03 4.125545082144508342e+02 1.317305726830797670e-02
1.815586600000000089e+03 5.635070981213921186e+02 1.313328945750890861e-02
1.818660499999999956e+03 4.785553469802289328e+02 1.316059104306047285e-02
1.821732600000000048e+03 4.198378604459849157e+02 1.317305726830797670e-02
1.824803100000000086e+03 6.232792403711700899e+02 1.311846911486354815e-02
1.827871799999999894e+03 5.514910847376049787e+02 1.314071848956762170e-02
1.830938900000000103e+03 5.387004875880265899e+02 1.314816014291891877e-02
1.834004200000000083e+03 5.652455389575916342e+02 1.313576440136532929e-02
1.837067900000000009e+03 4.083058248051511328e+02 1.320312134073576421e-02
1.840129799999999932e+03 3.627874270754873578e+02 1.320815205966121599e-02
1.843190100000000029e+03 3.041724240235416801e+02 1.323592417723246442e-02
1.846248599999999897e+03 1.734778902763900987e+02 1.329456382792839307e-02
1.849305399999999963e+03 2.525028974193974136e+02 1.327663453611861548e-02
1.852360599999999977e+03 2.594455145822485065e+02 1.326897272849613188e-02
1.855414099999999962e+03 4.357380836961965542e+01 1.336440635999260745e-02
1.858465799999999945e+03 1.120334351263045392e+01 1.338269409106158069e-02
1.861515900000000101e+03 -2.771881575885709026e+01 1.337746136589924514e-02
1.864564300000000003e+03 1.200139427978501772e+01 1.337484730405389018e-02
1.867611000000000104e+03 -2.692146315603531548e+01 1.339580281600974421e-02
1.870655999999999949e+03 -1.051678252985930158e+02 1.343271318697810898e-02
1.873699299999999994e+03 3.284737016815597599e+01 1.338269409106158069e-02
1.876740900000000011e+03 8.566168517018559214e+01 1.336701430349679365e-02
1.879780899999999974e+03 7.293418117392320710e+01 1.335138950060707486e-02
1.882819099999999935e+03 1.126264192479284247e+02 1.335398982968044428e-02
1.885855700000000070e+03 9.332745999355211097e+01 1.336440635999260745e-02
1.888890599999999949e+03 6.091036354124844365e+01 1.337484730405389018e-02
1.891923800000000028e+03 8.746218974355360842e+01 1.337223477403501164e-02
1.894955400000000054e+03 -3.963001762875137501e+00 1.339055470500871529e-02
1.897985200000000077e+03 2.898956953295055428e+00 1.341685713598198167e-02
1.901013400000000047e+03 1.526310149999999885e+04 1.351554124362386138e-02
1.904039999999999964e+03 1.524999449999999888e+04 1.351554124362386138e-02
1.907064800000000105e+03 1.543349249999999847e+04 1.343536133154537779e-02
1.910087999999999965e+03 1.530242250000000058e+04 1.347527238489969539e-02
1.913109500000000025e+03 1.510581750000000102e+04 1.357799410231444806e-02
1.916129300000000057e+03 1.518445949999999903e+04 1.353175017358645635e-02
1.919147400000000061e+03 1.507960349999999926e+04 1.358346579066965765e-02
1.922163900000000012e+03 1.494853349999999955e+04 1.364132078966482330e-02
1.925178799999999910e+03 1.492887299999999959e+04 1.364964628375061641e-02
1.928191900000000032e+03 1.476503549999999996e+04 1.372809317267455892e-02
1.931203400000000101e+03 1.504683599999999933e+04 1.358894409933790633e-02
1.934213199999999915e+03 1.473882150000000001e+04 1.371962339716023375e-02
1.937221399999999903e+03 1.482401700000000164e+04 1.368870114549635905e-02
1.940227900000000091e+03 1.490265899999999965e+04 1.366077069169634867e-02
1.943232799999999997e+03 1.493542649999999958e+04 1.363024379166299059e-02
1.946236000000000104e+03 1.492887299999999959e+04 1.363301051122699052e-02
1.949237499999999955e+03 1.502062199999999939e+04 1.360817050788086340e-02
1.952237399999999980e+03 1.507960349999999926e+04 1.357526073658925879e-02
1.955235599999999977e+03 1.509271050000000105e+04 1.356979895373427308e-02
1.958232199999999921e+03 1.506649649999999929e+04 1.358620411663048061e-02
1.961227100000000064e+03 1.498130099999999948e+04 1.361367877384531133e-02
1.964220299999999952e+03 1.517790600000000086e+04 1.352363842332791714e-02
1.967211999999999989e+03 1.504683599999999933e+04 1.358620411663048061e-02
1.970201900000000023e+03 1.489610549999999967e+04 1.364132078966482330e-02
1.973190200000000004e+03 1.485678450000000157e+04 1.367471452577624300e-02
1.976176899999999932e+03 1.481746349999999984e+04 1.369150362298411118e-02
1.979161900000000060e+03 1.486333799999999974e+04 1.366913187009317736e-02
1.982145299999999907e+03 1.477814249999999993e+04 1.371398558167781327e-02
1.985127099999999928e+03 1.463396550000000025e+04 1.376212981955972012e-02
1.988107199999999921e+03 1.468639350000000013e+04 1.373941064629718989e-02
1.991085600000000113e+03 1.457498399999999856e+04 1.378496207054561752e-02
1.994062400000000025e+03 1.456843050000000039e+04 1.379355350925473393e-02
1.997037600000000111e+03 1.447012800000000061e+04 1.383675296832151055e-02
2.000011199999999917e+03 1.458153750000000036e+04 1.378782409945023511e-02
2.002983099999999922e+03 1.445702099999999882e+04 1.383964738378425791e-02
2.005953299999999899e+03 1.450944900000000052e+04 1.381366283463890225e-02
2.008922000000000025e+03 1.461430500000000029e+04 1.377067861207244628e-02
2.011888999999999896e+03 1.458153750000000036e+04 1.377924335548078721e-02
2.014854299999999967e+03 1.462741200000000026e+04 1.376497764779911065e-02
2.017818099999999959e+03 1.455532349999999860e+04 1.377924335548078721e-02
2.020780199999999923e+03 1.454221649999999863e+04 1.380216103178307126e-02
2.023740700000000061e+03 1.463396550000000025e+04 1.375928375814586095e-02
2.026699499999999944e+03 1.445702099999999882e+04 1.383096958124824943e-02
2.029656799999999976e+03 1.454221649999999863e+04 1.379642089386303935e-02
2.032612399999999980e+03 1.450944900000000052e+04 1.380790834039434187e-02
2.035566399999999931e+03 1.448978849999999875e+04 1.381078468837688110e-02
2.038518700000000081e+03 1.437182549999999901e+04 1.386577912350261260e-02
2.041469499999999925e+03 1.450289550000000054e+04 1.381366283463890225e-02
2.044418599999999969e+03 1.414900650000000132e+04 1.396882805559425920e-02
2.047366099999999960e+03 1.417522049999999945e+04 1.396585184845371662e-02
2.050311999999999898e+03 1.422109499999999935e+04 1.393915131067307613e-02
2.053256199999999808e+03 1.403759699999999975e+04 1.400769271384142561e-02
2.056198899999999867e+03 1.398516899999999987e+04 1.404991190494883808e-02
2.059139900000000125e+03 1.397861549999999988e+04 1.405900864394327675e-02
2.062079299999999876e+03 1.392618750000000000e+04 1.408335326588896000e-02
2.065017199999999775e+03 1.385409900000000016e+04 1.410782479306049719e-02
2.067953399999999874e+03 1.412934600000000137e+04 1.398075194001516253e-02
2.070887999999999920e+03 1.388686650000000009e+04 1.409863302872729589e-02
2.073820900000000165e+03 1.384754549999999836e+04 1.411396263315643079e-02
2.076752300000000105e+03 1.389997350000000006e+04 1.408030327056009404e-02
2.079682099999999991e+03 1.409002499999999964e+04 1.400169241683712346e-02
2.082610200000000077e+03 1.388686650000000009e+04 1.409557309748589275e-02
2.085536799999999857e+03 1.399172249999999985e+04 1.404385721304735393e-02
2.088461800000000039e+03 1.407691799999999967e+04 1.399569982404526812e-02
2.091385099999999966e+03 1.413589949999999953e+04 1.396882805559425920e-02
2.094306900000000041e+03 1.416211349999999948e+04 1.395099929522661437e-02
2.097226999999999862e+03 1.413589949999999953e+04 1.386286828498549568e-02
2.100145599999999831e+03 1.410313199999999961e+04 1.397478618256836440e-02
2.103062500000000000e+03 1.422764849999999933e+04 1.392143579665953285e-02
2.105977899999999863e+03 1.426696950000000106e+04 1.390966291015915436e-02
2.108891700000000128e+03 1.417522049999999945e+04 1.393619402808741158e-02
2.111803800000000138e+03 1.417522049999999945e+04 1.394507152810316696e-02
2.114714399999999841e+03 1.420143449999999939e+04 1.391848977275676399e-02
2.117623399999999947e+03 1.402448999999999978e+04 1.402573999559756333e-02
2.120530799999999999e+03 1.396550849999999991e+04 1.403781034206173957e-02
2.123436599999999999e+03 1.369681499999999869e+04 1.418201193802325240e-02
2.126340799999999945e+03 1.388686650000000009e+04 1.408335326588896000e-02
2.129243500000000040e+03 1.405725749999999971e+04 1.399569982404526812e-02
2.132144499999999880e+03 1.395240149999999994e+04 1.405597443463979697e-02
2.135043999999999869e+03 1.401138299999999981e+04 1.402573999559756333e-02
2.137941899999999805e+03 1.397206199999999990e+04 1.403781034206173957e-02
2.140838099999999940e+03 1.386065250000000015e+04 1.410475887434710883e-02
2.143732899999999972e+03 1.381477799999999843e+04 1.411703455889379288e-02
2.146626000000000204e+03 1.404415049999999974e+04 1.401670764090169261e-02
2.149517499999999927e+03 1.400482949999999983e+04 1.402573999559756333e-02
2.152407499999999800e+03 1.393929449999999997e+04 1.405294218901404109e-02
2.155295900000000074e+03 1.408347149999999965e+04 1.397776810646500847e-02
2.158182699999999841e+03 1.403104350000000159e+04 1.399270641157941177e-02
2.161068000000000211e+03 1.414900650000000132e+04 1.395099929522661437e-02
2.163951599999999871e+03 1.410968549999999959e+04 1.396882805559425920e-02
2.166833700000000135e+03 1.422109499999999935e+04 1.391554561835623913e-02
2.169714300000000094e+03 1.412279249999999956e+04 1.396585184845371662e-02
2.172593199999999797e+03 1.418832749999999942e+04 1.393028510518956771e-02
2.175470600000000104e+03 1.419488099999999940e+04 1.391554561835623913e-02
2.178346399999999903e+03 1.426696950000000106e+04 1.389205944867436850e-02
2.181220699999999852e+03 1.417522049999999945e+04 1.394211047667832243e-02
2.184093299999999999e+03 1.422764849999999933e+04 1.391848977275676399e-02
2.186964500000000044e+03 1.410968549999999959e+04 1.397180616628913505e-02
2.189833999999999833e+03 1.413589949999999953e+04 1.395099929522661437e-02
2.192702000000000226e+03 1.420798799999999937e+04 1.393323862692427001e-02
2.195568400000000111e+03 1.407036449999999968e+04 1.398373768525796104e-02
2.198433300000000145e+03 1.398516899999999987e+04 1.403478983415328181e-02
2.201296600000000126e+03 1.407036449999999968e+04 1.399569982404526812e-02
2.204158300000000054e+03 1.394584799999999996e+04 1.402875466301455737e-02
2.207018500000000131e+03 1.406381100000000151e+04 1.399569982404526812e-02
2.209877199999999903e+03 1.382133150000000023e+04 1.412010849133281225e-02
2.212734199999999873e+03 1.393274099999999999e+04 1.405900864394327675e-02
2.215589800000000196e+03 1.391308050000000003e+04 1.406508296206810706e-02
2.218443699999999808e+03 1.371647550000000047e+04 1.414168239007330095e-02
2.221296200000000226e+03 1.397206199999999990e+04 1.403781034206173957e-02
2.224146999999999935e+03 1.406381100000000151e+04 1.398672534423559509e-02
2.226996299999999792e+03 1.400482949999999983e+04 1.401670764090169261e-02
2.229844099999999798e+03 1.402448999999999978e+04 1.401670764090169261e-02
2.232690300000000207e+03 1.405725749999999971e+04 1.399569982404526812e-02
2.235534999999999854e+03 1.421454150000000118e+04 1.392143579665953285e-02
2.238378099999999904e+03 1.433250450000000092e+04 1.386286828498549568e-02
2.241219700000000103e+03 1.419488099999999940e+04 1.393028510518956771e-02
2.244059699999999793e+03 1.427352299999999923e+04 1.389498871796336806e-02
2.246898200000000088e+03 1.431284400000000096e+04 1.387452265298329442e-02
2.249735200000000077e+03 1.431284400000000096e+04 1.387744084055431495e-02
2.252570600000000013e+03 1.428662999999999920e+04 1.387452265298329442e-02
2.255404500000000098e+03 1.438493250000000080e+04 1.384544166805896231e-02
2.258236800000000130e+03 1.428007650000000103e+04 1.389205944867436850e-02
2.261067599999999857e+03 1.445046750000000065e+04 1.380216103178307126e-02
2.263896799999999985e+03 1.429973700000000099e+04 1.388328274392422977e-02
2.266724600000000009e+03 1.432595099999999911e+04 1.386869179638916712e-02
2.269550799999999981e+03 1.424075549999999930e+04 1.391260333148154095e-02
2.272375399999999900e+03 1.423420200000000114e+04 1.390966291015915436e-02
2.275198499999999967e+03 1.441114650000000074e+04 1.382808060584728334e-02
2.278020100000000184e+03 1.427352299999999923e+04 1.389791984102475841e-02
2.280840200000000095e+03 1.418177400000000125e+04 1.393619402808741158e-02
2.283658699999999953e+03 1.415555999999999949e+04 1.395396601494015842e-02
2.286475699999999961e+03 1.420143449999999939e+04 1.392438369204390507e-02
2.289291200000000117e+03 1.422764849999999933e+04 1.390672435241850288e-02
2.292105199999999968e+03 1.420143449999999939e+04 1.392143579665953285e-02
2.294917600000000220e+03 1.429973700000000099e+04 1.388620646360367271e-02
2.297728500000000167e+03 1.435871849999999904e+04 1.386286828498549568e-02
2.300537899999999809e+03 1.426041599999999926e+04 1.388620646360367271e-02
2.303345699999999852e+03 1.434561150000000089e+04 1.386577912350261260e-02
2.306152099999999791e+03 1.439148599999999897e+04 1.383675296832151055e-02
2.308956900000000132e+03 1.430629049999999916e+04 1.386869179638916712e-02
2.311760200000000168e+03 1.442425349999999889e+04 1.382519344001440810e-02
2.314561999999999898e+03 1.449634200000000055e+04 1.379068791173565338e-02
2.317362200000000030e+03 1.457498399999999856e+04 1.375075615660892488e-02
2.320161000000000058e+03 1.457498399999999856e+04 1.374507988963574907e-02
2.322958200000000033e+03 1.453566300000000047e+04 1.376782724469286477e-02
2.325753999999999905e+03 1.442425349999999889e+04 1.381366283463890225e-02
2.328548200000000179e+03 1.443736049999999886e+04 1.379929006741883145e-02
2.331340900000000147e+03 1.445046750000000065e+04 1.379929006741883145e-02
2.334132099999999809e+03 1.441770000000000073e+04 1.382519344001440810e-02
2.336921800000000076e+03 1.429973700000000099e+04 1.387744084055431495e-02
2.339709899999999834e+03 1.430629049999999916e+04 1.388036087022167728e-02
2.342496599999999944e+03 1.421454150000000118e+04 1.391848977275676399e-02
2.345281800000000203e+03 1.417522049999999945e+04 1.393915131067307613e-02
2.348065399999999954e+03 1.403759699999999975e+04 1.400769271384142561e-02
2.350847600000000057e+03 1.413589949999999953e+04 1.395099929522661437e-02
2.353628200000000106e+03 1.393929449999999997e+04 1.404083280099267458e-02
2.356407400000000052e+03 1.397206199999999990e+04 1.402272727082956756e-02
2.359184999999999945e+03 1.405725749999999971e+04 1.399270641157941177e-02
2.361961099999999988e+03 1.403104350000000159e+04 1.400769271384142561e-02
2.364735799999999927e+03 1.401138299999999981e+04 1.401971648662506988e-02
2.367508899999999812e+03 1.409002499999999964e+04 1.398075194001516253e-02
2.370280600000000049e+03 1.395895499999999993e+04 1.404385721304735393e-02
2.373050799999999981e+03 1.409657850000000144e+04 1.397478618256836440e-02
2.375819399999999860e+03 1.395895499999999993e+04 1.403177127516920010e-02
2.378586600000000089e+03 1.402448999999999978e+04 1.400469160128125362e-02
2.381352300000000014e+03 1.413589949999999953e+04 1.395693462810318648e-02
2.384116399999999885e+03 1.421454150000000118e+04 1.389791984102475841e-02
2.386879100000000108e+03 1.422109499999999935e+04 1.391554561835623913e-02
2.389640300000000025e+03 1.415555999999999949e+04 1.393915131067307613e-02
2.392400099999999838e+03 1.418177400000000125e+04 1.393028510518956771e-02
2.395158300000000054e+03 1.416211349999999948e+04 1.393619402808741158e-02
2.397914999999999964e+03 1.418177400000000125e+04 1.393028510518956771e-02
2.400670300000000225e+03 1.424730900000000111e+04 1.388913203120457386e-02
2.403424100000000180e+03 1.418832749999999942e+04 1.391554561835623913e-02
2.406176300000000083e+03 1.408347149999999965e+04 1.397180616628913505e-02
2.408927099999999882e+03 1.405070399999999972e+04 1.397776810646500847e-02
2.411676500000000033e+03 1.407691799999999967e+04 1.397776810646500847e-02
2.414424300000000130e+03 1.400482949999999983e+04 1.401370073158019099e-02
2.417170700000000124e+03 1.393929449999999997e+04 1.404083280099267458e-02
2.419915599999999813e+03 1.401138299999999981e+04 1.401370073158019099e-02
2.422659000000000106e+03 1.397861549999999988e+04 1.402272727082956756e-02
2.425400900000000092e+03 1.398516899999999987e+04 1.402573999559756333e-02
2.428141399999999976e+03 1.389997350000000006e+04 1.405900864394327675e-02
2.430880299999999806e+03 1.386720600000000013e+04 1.408030327056009404e-02
2.433617799999999988e+03 1.379511750000000029e+04 1.411089271193835537e-02
2.436353900000000067e+03 1.384754549999999836e+04 1.408030327056009404e-02
2.439088400000000092e+03 1.392618750000000000e+04 1.404991190494883808e-02
2.441821500000000015e+03 1.379511750000000029e+04 1.410782479306049719e-02
2.444553199999999833e+03 1.404415049999999974e+04 1.397776810646500847e-02
2.447283300000000054e+03 1.401793649999999980e+04 1.400169241683712346e-02
2.450012000000000171e+03 1.393274099999999999e+04 1.402573999559756333e-02
2.452739199999999983e+03 1.409002499999999964e+04 1.396585184845371662e-02
2.455465000000000146e+03 1.407036449999999968e+04 1.397776810646500847e-02
2.458189300000000003e+03 1.407691799999999967e+04 1.396287754284050719e-02
2.460912100000000009e+03 1.399172249999999985e+04 1.400169241683712346e-02
2.463633499999999913e+03 1.420143449999999939e+04 1.391260333148154095e-02
2.466353399999999965e+03 1.406381100000000151e+04 1.396882805559425920e-02
2.469071800000000167e+03 1.426696950000000106e+04 1.388328274392422977e-02
2.471788799999999810e+03 1.409002499999999964e+04 1.395693462810318648e-02
2.474504300000000057e+03 1.421454150000000118e+04 1.390378765629191223e-02
2.477218400000000202e+03 1.396550849999999991e+04 1.399270641157941177e-02
2.479931000000000040e+03 1.388686650000000009e+04 1.405900864394327675e-02
2.482642100000000028e+03 1.388031300000000010e+04 1.405597443463979697e-02
2.485351799999999912e+03 1.386720600000000013e+04 1.407116516039003465e-02
2.488060100000000148e+03 1.365749400000000060e+04 1.416956611558378883e-02
2.490766900000000078e+03 1.368370800000000054e+04 1.416025322196150758e-02
2.493472200000000157e+03 1.365094050000000061e+04 1.418201193802325240e-02
2.496176100000000133e+03 1.348710300000000097e+04 1.424789488322748994e-02
2.498878499999999804e+03 1.362472650000000067e+04 1.418201193802325240e-02
2.501579499999999825e+03 1.341501449999999932e+04 1.427641288217148217e-02
2.504279100000000199e+03 1.340846100000000115e+04 1.427959213015258556e-02
2.506977199999999812e+03 1.340190749999999935e+04 1.428914263314657457e-02
2.509673800000000028e+03 1.336913999999999942e+04 1.429233039506758174e-02
2.512369000000000142e+03 1.334947949999999946e+04 1.433075070738091400e-02
2.515062800000000152e+03 1.332326550000000134e+04 1.433718426582278847e-02
2.517755099999999857e+03 1.328394449999999961e+04 1.435653705429366239e-02
2.520445999999999913e+03 1.340190749999999935e+04 1.429871232456405086e-02
2.523135400000000118e+03 1.340190749999999935e+04 1.429233039506758174e-02
2.525823400000000220e+03 1.331671199999999953e+04 1.433075070738091400e-02
2.528510000000000218e+03 1.339535399999999936e+04 1.429233039506758174e-02
2.531195099999999911e+03 1.344778199999999924e+04 1.427006075154237975e-02
2.533878799999999956e+03 1.339535399999999936e+04 1.429871232456405086e-02
2.536561000000000149e+03 1.340846100000000115e+04 1.429552029141241930e-02
2.539241799999999785e+03 1.340190749999999935e+04 1.426688786417652614e-02
2.541921200000000226e+03 1.339535399999999936e+04 1.428914263314657457e-02
2.544599099999999908e+03 1.338880050000000119e+04 1.430510281083820570e-02
2.547275700000000143e+03 1.341501449999999932e+04 1.428595700327014995e-02
2.549950699999999870e+03 1.331015849999999955e+04 1.433075070738091400e-02
2.552624400000000151e+03 1.323151649999999972e+04 1.437921466278251417e-02
2.555296600000000126e+03 1.325773049999999967e+04 1.435330614684771078e-02
2.557967399999999998e+03 1.308078600000000006e+04 1.445779019127817547e-02
2.560636800000000221e+03 1.303491150000000016e+04 1.447763617205672683e-02
2.563304700000000139e+03 1.299559050000000025e+04 1.450755897939554409e-02
2.565971199999999953e+03 1.293005550000000039e+04 1.453096097936425538e-02
2.568636300000000119e+03 1.287762750000000051e+04 1.455447659452989428e-02
2.571300000000000182e+03 1.291039500000000044e+04 1.452426314034542011e-02
2.573962199999999939e+03 1.283175300000000061e+04 1.457810674720209400e-02
2.576623000000000047e+03 1.277932500000000073e+04 1.462229838120666578e-02
2.579282400000000052e+03 1.277932500000000073e+04 1.459166147513936591e-02
2.581940399999999954e+03 1.268757599999999911e+04 1.464626096047231055e-02
2.584596900000000005e+03 1.262859450000000106e+04 1.468761519137282319e-02
2.587252100000000155e+03 1.271379000000000087e+04 1.464283052103879969e-02
2.589905799999999999e+03 1.266791549999999916e+04 1.467724380121894837e-02
2.592558100000000195e+03 1.274655750000000080e+04 1.463597686724839655e-02
2.595208999999999833e+03 1.274000399999999900e+04 1.463255364725835062e-02
2.597858499999999822e+03 1.275966450000000077e+04 1.459845303309385833e-02
2.600506499999999960e+03 1.280553899999999885e+04 1.458487938717125537e-02
2.603153200000000197e+03 1.287762750000000051e+04 1.452761090186051318e-02
2.605798400000000129e+03 1.277277149999999892e+04 1.461547350411086105e-02
2.608442300000000159e+03 1.277277149999999892e+04 1.459845303309385833e-02
2.611084699999999884e+03 1.271379000000000087e+04 1.463597686724839655e-02
2.613725699999999961e+03 1.271379000000000087e+04 1.463597686724839655e-02
2.616365299999999934e+03 1.270723649999999907e+04 1.463255364725835062e-02
2.619003499999999804e+03 1.282519950000000063e+04 1.458826924878290493e-02
2.621640300000000025e+03 1.257616649999999936e+04 1.471538008419021222e-02
2.624275700000000143e+03 1.262859450000000106e+04 1.469454167852575315e-02
2.626909700000000157e+03 1.253029200000000128e+04 1.473630739519180867e-02
2.629542199999999866e+03 1.235334749999999985e+04 1.484229994352354552e-02
2.632173400000000129e+03 1.235990099999999984e+04 1.483516250625410704e-02
2.634803199999999833e+03 1.224193800000000010e+04 1.491787039175590003e-02
2.637431599999999889e+03 1.228781250000000000e+04 1.488174083909473387e-02
2.640058599999999842e+03 1.212397500000000036e+04 1.497989922642241692e-02
2.642684099999999944e+03 1.211742150000000038e+04 1.496523461279816898e-02
2.645308300000000145e+03 1.194703049999999894e+04 1.506880148600575099e-02
2.647931099999999788e+03 1.197324450000000070e+04 1.507628165598047000e-02
2.650552499999999782e+03 1.177663949999999932e+04 1.518601134281902416e-02
2.653172500000000127e+03 1.173076499999999942e+04 1.521285871303938199e-02
2.655791099999999915e+03 1.158003449999999975e+04 1.530599953451955084e-02
2.658408300000000054e+03 1.161935550000000148e+04 1.527865690792862795e-02
2.661024100000000089e+03 1.157348099999999977e+04 1.532168995333408994e-02
2.663638500000000022e+03 1.154726699999999983e+04 1.532955327946289130e-02
2.666251600000000053e+03 1.153415999999999985e+04 1.533348948527419112e-02
2.668863199999999779e+03 1.142275050000000010e+04 1.540885827471777901e-02
2.671473500000000058e+03 1.147517849999999999e+04 1.537301904167831870e-02
2.674082399999999780e+03 1.131789450000000033e+04 1.542887758714184959e-02
2.676689800000000105e+03 1.133755499999999847e+04 1.546510983489199353e-02
2.679295999999999822e+03 1.138342950000000019e+04 1.543690718830322342e-02
2.681900700000000143e+03 1.137687600000000020e+04 1.543289082107294000e-02
2.684503999999999905e+03 1.133755499999999847e+04 1.546510983489199353e-02
2.687105900000000020e+03 1.133100150000000031e+04 1.546510983489199353e-02
2.689706499999999778e+03 1.132444800000000032e+04 1.547724409320047623e-02
2.692305699999999888e+03 1.131134100000000035e+04 1.547724409320047623e-02
2.694903499999999894e+03 1.135066200000000026e+04 1.543289082107294000e-02
2.697499899999999798e+03 1.127857350000000042e+04 1.546915141599715729e-02
2.700094999999999800e+03 1.123925250000000051e+04 1.552198198313219091e-02
2.702688700000000154e+03 1.111473600000000079e+04 1.560847903637978783e-02
2.705280999999999949e+03 1.100332649999999921e+04 1.566275504007133904e-02
2.707871900000000096e+03 1.101643349999999919e+04 1.567956959675455286e-02
2.710461400000000140e+03 1.106230800000000090e+04 1.566275504007133904e-02
2.713049599999999828e+03 1.091157750000000124e+04 1.574737345725366056e-02
2.715636399999999867e+03 1.072152599999999984e+04 1.588128577798171570e-02
2.718221799999999803e+03 1.078706099999999969e+04 1.582904456478961136e-02
2.720805899999999838e+03 1.063633050000000003e+04 1.594289254875509709e-02
2.723388600000000224e+03 1.055113500000000022e+04 1.601418588390647949e-02
2.725969900000000052e+03 1.064288400000000001e+04 1.593846826878958164e-02
2.728549899999999980e+03 1.050526050000000032e+04 1.604567890524769350e-02
2.731128400000000056e+03 1.045283250000000044e+04 1.607282131918716037e-02
2.733705699999999979e+03 1.045283250000000044e+04 1.607282131918716037e-02
2.736281500000000051e+03 1.033486950000000070e+04 1.614587997442604866e-02
2.738856000000000222e+03 1.045938599999999860e+04 1.608189944547955622e-02
2.741429099999999835e+03 1.039385099999999875e+04 1.611379444667186689e-02
2.744000900000000001e+03 1.049215350000000035e+04 1.605471109223106235e-02
2.746571300000000065e+03 1.045283250000000044e+04 1.608644428079580163e-02
2.749140300000000025e+03 1.055768850000000020e+04 1.601418588390647949e-02
2.751708000000000084e+03 1.053802800000000025e+04 1.601867353591664156e-02
2.754274300000000039e+03 1.052492100000000028e+04 1.604116852458086287e-02
2.756839300000000094e+03 1.052492100000000028e+04 1.602766016974326718e-02
2.759402900000000045e+03 1.049215350000000035e+04 1.605923290927389543e-02
2.761965200000000095e+03 1.049215350000000035e+04 1.604567890524769350e-02
2.764525999999999840e+03 1.057734899999999834e+04 1.598287757266288536e-02
2.767085599999999886e+03 1.043317200000000048e+04 1.609554552298405120e-02
2.769643799999999828e+03 1.051181399999999849e+04 1.602316496276388891e-02
2.772200600000000122e+03 1.045938599999999860e+04 1.608189944547955622e-02
2.774756100000000060e+03 1.041351150000000052e+04 1.610010194077468246e-02
2.777310199999999895e+03 1.026278099999999904e+04 1.623394485023985090e-02
2.779862999999999829e+03 1.030865549999999894e+04 1.619205072917231578e-02
2.782414400000000114e+03 1.022345999999999913e+04 1.625736033168749192e-02
2.784964500000000044e+03 1.020379950000000099e+04 1.627145834878828551e-02
2.787513199999999870e+03 1.021035299999999916e+04 1.627145834878828551e-02
2.790060599999999795e+03 1.016447849999999926e+04 1.629976476337014271e-02
2.792606699999999819e+03 1.016447849999999926e+04 1.629031288390711193e-02
2.795151400000000194e+03 1.006617599999999948e+04 1.638077564128562202e-02
2.797694700000000012e+03 1.007272949999999946e+04 1.638077564128562202e-02
2.800236699999999928e+03 9.967873500000001513e+03 1.646300653923126259e-02
2.802777399999999943e+03 9.954766499999999724e+03 1.644354671382561653e-02
2.805316699999999855e+03 9.928552499999999782e+03 1.646788230019681151e-02
2.807854699999999866e+03 9.915445499999999811e+03 1.649232625353547893e-02
2.810391299999999774e+03 1.000064100000000144e+04 1.644354671382561653e-02
2.812926599999999780e+03 1.004651549999999952e+04 1.639519745682267715e-02
2.815460599999999886e+03 1.011860400000000118e+04 1.633773747589990777e-02
2.817993199999999888e+03 1.008583650000000125e+04 1.638557868365281278e-02
2.820524499999999989e+03 1.023656700000000092e+04 1.626205559830717212e-02
2.823054500000000189e+03 1.022345999999999913e+04 1.627616584443105155e-02
2.825583099999999831e+03 1.028244150000000081e+04 1.618741582118293429e-02
2.828110400000000027e+03 1.029554849999999897e+04 1.621528513734869087e-02
2.830636399999999867e+03 1.028244150000000081e+04 1.621528513734869087e-02
2.833161000000000058e+03 1.030210200000000077e+04 1.621063025419339915e-02
2.835684299999999894e+03 1.041351150000000052e+04 1.611836638447039852e-02
2.838206299999999828e+03 1.036108349999999882e+04 1.616430083606384613e-02
2.840726900000000114e+03 1.049215350000000035e+04 1.606375854918599272e-02
2.843246200000000044e+03 1.054458149999999841e+04 1.603215916216022691e-02
2.845764200000000073e+03 1.053802800000000025e+04 1.605019309267846986e-02
2.848280900000000202e+03 1.060356300000000010e+04 1.597841992996772154e-02
2.850796200000000226e+03 1.050526050000000032e+04 1.605923290927389543e-02
2.853310199999999895e+03 1.051836750000000029e+04 1.603215916216022691e-02
2.855822900000000118e+03 1.055113500000000022e+04 1.605019309267846986e-02
2.858334199999999782e+03 1.038074400000000060e+04 1.614128459081954486e-02
2.860844300000000203e+03 1.033486950000000070e+04 1.618741582118293429e-02
2.863353000000000065e+03 1.043972550000000047e+04 1.608644428079580163e-02
2.865860400000000027e+03 1.040695800000000054e+04 1.613210558263294264e-02
2.868366399999999885e+03 1.030865549999999894e+04 1.621063025419339915e-02
2.870871200000000044e+03 1.036108349999999882e+04 1.614587997442604866e-02
2.873374600000000100e+03 1.040695800000000054e+04 1.614128459081954486e-02
2.875876699999999801e+03 1.040040450000000055e+04 1.615047928515156439e-02
2.878377500000000055e+03 1.047249300000000039e+04 1.610466223032677377e-02
2.880876999999999953e+03 1.040040450000000055e+04 1.614128459081954486e-02
2.883375199999999950e+03 1.039385099999999875e+04 1.615508252859266733e-02
2.885872100000000046e+03 1.055113500000000022e+04 1.603215916216022691e-02
2.888367600000000039e+03 1.060356300000000010e+04 1.600074552410359410e-02
2.890861800000000130e+03 1.066909799999999996e+04 1.592963074758404693e-02
2.893354800000000068e+03 1.078706099999999969e+04 1.587691257515118359e-02
2.895846399999999903e+03 1.080016799999999967e+04 1.585510062286144342e-02
2.898336699999999837e+03 1.090502399999999943e+04 1.579880758481172140e-02
2.900825699999999870e+03 1.094434500000000116e+04 1.576874322343933821e-02
2.903313400000000001e+03 1.093123799999999937e+04 1.577302762597008676e-02
2.905799700000000030e+03 1.102298699999999917e+04 1.570912583334669807e-02
2.908284799999999905e+03 1.100332649999999921e+04 1.572184405901650914e-02
2.910768599999999878e+03 1.103609399999999914e+04 1.570489327882198388e-02
2.913251000000000204e+03 1.118027100000000064e+04 1.560847903637978783e-02
2.915732199999999921e+03 1.125891300000000047e+04 1.551789886271875453e-02
2.918212100000000191e+03 1.121303850000000057e+04 1.560017886082002737e-02
2.920690599999999904e+03 1.120648500000000058e+04 1.559189191263323816e-02
2.923167899999999918e+03 1.119337800000000061e+04 1.560432729297973539e-02
2.925643799999999828e+03 1.105575449999999910e+04 1.566695360737368342e-02
2.928118500000000040e+03 1.112128949999999895e+04 1.562928757653045744e-02
2.930591800000000148e+03 1.106230800000000090e+04 1.567536088117833099e-02
2.933063900000000103e+03 1.099677300000000105e+04 1.573459322510053007e-02
2.935534700000000157e+03 1.092468449999999939e+04 1.577302762597008676e-02
2.938004100000000108e+03 1.096400550000000112e+04 1.576446231030942738e-02
2.940472299999999905e+03 1.080672149999999965e+04 1.587254298305655273e-02
2.942939199999999801e+03 1.079361450000000150e+04 1.587254298305655273e-02
2.945404700000000048e+03 1.081327499999999964e+04 1.587254298305655273e-02
2.947869000000000142e+03 1.070186549999999988e+04 1.595618752747863731e-02
2.950331999999999880e+03 1.060356300000000010e+04 1.601418588390647949e-02
2.952793700000000172e+03 1.059045600000000013e+04 1.600970200144874109e-02
2.955254199999999855e+03 1.057079550000000017e+04 1.603215916216022691e-02
2.957713299999999890e+03 1.070841899999999987e+04 1.593404767009998224e-02
2.960171100000000024e+03 1.055113500000000022e+04 1.606375854918599272e-02
2.962627700000000004e+03 1.067565149999999994e+04 1.596062658376913232e-02
2.965082899999999881e+03 1.074773999999999978e+04 1.590760109972172084e-02
2.967536900000000060e+03 1.077395399999999972e+04 1.590320612765283581e-02
2.969989599999999882e+03 1.078706099999999969e+04 1.588128577798171570e-02
2.972440999999999804e+03 1.078050749999999971e+04 1.586381461122079312e-02
2.974891099999999824e+03 1.093779149999999936e+04 1.577731552264464293e-02
2.977340000000000146e+03 1.093123799999999937e+04 1.577731552264464293e-02
2.979787499999999909e+03 1.088536349999999948e+04 1.579020022509639715e-02
2.982233799999999974e+03 1.080016799999999967e+04 1.585510062286144342e-02
2.984678800000000138e+03 1.093123799999999937e+04 1.578160691821500067e-02
2.987122499999999945e+03 1.081982849999999962e+04 1.585510062286144342e-02
2.989565000000000055e+03 1.074773999999999978e+04 1.589881479631752303e-02
2.992006100000000060e+03 1.087225649999999951e+04 1.582904456478961136e-02
2.994445999999999913e+03 1.061667000000000007e+04 1.600522188326911066e-02
2.996884599999999864e+03 1.057734899999999834e+04 1.600970200144874109e-02
2.999322000000000116e+03 1.054458149999999841e+04 1.605471109223106235e-02
3.001757999999999811e+03 1.038074400000000060e+04 1.618741582118293429e-02
3.004192799999999806e+03 1.036108349999999882e+04 1.620597937753643844e-02
3.006626299999999901e+03 1.031520900000000074e+04 1.622460694618840793e-02
3.009058500000000095e+03 1.023656700000000092e+04 1.629503676769029560e-02
3.011489500000000135e+03 1.020379950000000099e+04 1.631871798461412976e-02
3.013919199999999819e+03 1.013826450000000114e+04 1.636639181678664276e-02
3.016347600000000057e+03 1.018413900000000103e+04 1.633773747589990777e-02
3.018774800000000141e+03 1.013826450000000114e+04 1.637118221402571183e-02
3.021200699999999870e+03 1.009238999999999942e+04 1.640483318933644297e-02
3.023625300000000152e+03 1.025622750000000087e+04 1.629503676769029560e-02
3.026048699999999826e+03 1.030210200000000077e+04 1.625266912964733537e-02
3.028470800000000054e+03 1.032176250000000073e+04 1.622927388341888211e-02
3.030891599999999926e+03 1.034797650000000067e+04 1.620597937753643844e-02
3.033311200000000099e+03 1.038729750000000058e+04 1.616891591134305556e-02
3.035729499999999916e+03 1.040695800000000054e+04 1.614587997442604866e-02
3.038146499999999833e+03 1.030210200000000077e+04 1.624329889587356607e-02
3.040562300000000050e+03 1.045283250000000044e+04 1.614128459081954486e-02
3.042976799999999912e+03 1.036108349999999882e+04 1.616430083606384613e-02
3.045389999999999873e+03 1.026933450000000084e+04 1.624329889587356607e-02
3.047802000000000135e+03 1.027588799999999901e+04 1.627616584443105155e-02
3.050212799999999788e+03 1.000719449999999961e+04 1.643384264292213626e-02
3.052622199999999793e+03 1.004651549999999952e+04 1.641448593108922951e-02
3.055030499999999847e+03 9.804036000000000058e+03 1.661620005545209541e-02
3.057437399999999798e+03 9.784375500000000102e+03 1.665643304426601273e-02
3.059843199999999797e+03 9.581217000000000553e+03 1.679958488604218689e-02
3.062247600000000148e+03 9.627091500000000451e+03 1.676345115417648274e-02
3.064650799999999890e+03 9.594324000000000524e+03 1.679958488604218689e-02
3.067052799999999934e+03 9.574663500000000568e+03 1.682553822282883971e-02
3.069453500000000076e+03 9.535342499999998836e+03 1.682033793272693506e-02
3.071852899999999863e+03 9.653305499999998574e+03 1.675830820232843826e-02
3.074251099999999951e+03 9.653305499999998574e+03 1.676345115417648274e-02
3.076648000000000138e+03 9.692626500000000306e+03 1.673778362854950671e-02
3.079043700000000172e+03 9.613984500000000480e+03 1.679440861573412019e-02
3.081438200000000052e+03 9.620538000000000466e+03 1.678407041308271549e-02
3.083831400000000031e+03 9.653305499999998574e+03 1.675830820232843826e-02
3.086223399999999856e+03 9.646752000000000407e+03 1.674803648318851784e-02
3.088614099999999780e+03 9.319076999999999316e+03 1.704299312869750685e-02
3.091003499999999804e+03 9.030722999999999956e+03 1.729164775937843193e-02
3.093391799999999876e+03 8.952081000000000131e+03 1.738271697518926559e-02
3.095778699999999844e+03 8.899653000000000247e+03 1.739420208841799265e-02
3.098164499999999862e+03 8.696494500000000698e+03 1.761683818763794956e-02
3.100548999999999978e+03 8.762029500000000553e+03 1.755742203799093293e-02
3.102932200000000194e+03 8.827564499999998588e+03 1.748691001800730532e-02
3.105314199999999801e+03 8.755476000000000568e+03 1.754561078738543084e-02
3.107695000000000164e+03 8.847225000000000364e+03 1.748107229124873374e-02
3.110074500000000171e+03 8.703048000000000684e+03 1.758705483888671484e-02
3.112452800000000025e+03 8.729262000000000626e+03 1.759299942409581555e-02
3.114829900000000180e+03 8.676833999999998923e+03 1.763478099132562149e-02
3.117205699999999979e+03 8.499889500000001135e+03 1.781110278639986416e-02
3.119580300000000079e+03 8.172214500000000044e+03 1.810844950123417785e-02
3.121953700000000026e+03 8.047698000000000320e+03 1.828614888322493970e-02
3.124325800000000072e+03 7.955948999999999614e+03 1.834655475152368459e-02
3.126696699999999964e+03 7.969055999999999585e+03 1.834655475152368459e-02
3.129066299999999956e+03 8.001823500000000422e+03 1.828614888322493970e-02
3.131434699999999793e+03 8.093572500000000218e+03 1.821972603792244155e-02
3.133801899999999932e+03 8.041144500000000335e+03 1.827947388797307796e-02
3.136167899999999918e+03 7.916628000000000611e+03 1.844857530492078138e-02
3.138532600000000002e+03 7.706916000000000167e+03 1.868627042621308354e-02
3.140896099999999933e+03 7.523417999999999665e+03 1.887436770710762546e-02
3.143258400000000165e+03 7.385794499999999971e+03 1.903051049831967767e-02
3.145619400000000041e+03 7.425115499999999884e+03 1.900796694391270608e-02
3.147979299999999967e+03 7.451329499999999825e+03 1.894081395579159249e-02
3.150337899999999991e+03 7.484096999999999753e+03 1.883775396223703880e-02
3.152695200000000114e+03 7.215403500000000349e+03 1.927607562862147794e-02
3.155051399999999830e+03 6.999138000000000829e+03 1.953139901331726186e-02
3.157406300000000101e+03 6.913942500000000109e+03 1.963806151074124970e-02
3.159760000000000218e+03 7.018798499999999876e+03 1.953139901331726186e-02
3.162112500000000182e+03 7.064673000000000684e+03 1.945856569930972182e-02
3.164463799999999992e+03 6.795979500000000371e+03 1.981411595724488425e-02
3.166813799999999901e+03 6.645249000000000706e+03 2.003879257360084709e-02
3.169162600000000111e+03 6.553500000000000000e+03 2.013617627875816107e-02
3.171510200000000168e+03 6.645249000000000706e+03 2.000372904267272781e-02
3.173856600000000071e+03 6.501072000000000116e+03 2.024404942358030979e-02
3.176201799999999821e+03 6.219271499999999833e+03 2.064533026906797963e-02
3.178545700000000124e+03 6.356895000000000437e+03 2.045574562708153341e-02
